ID,SystemCodeNumber,Capacity,Latitude,Longitude,Occupancy,VehicleType,TrafficConditionNearby,QueueLength,IsSpecialDay,LastUpdatedDate,LastUpdatedTime
10496,Others-CCCPS119a,2803,26.14754061,91.72797041,195,car,low,1,0,04-10-2016,07:59:00
10497,Others-CCCPS119a,2803,26.14754061,91.72797041,238,car,average,2,0,04-10-2016,08:25:00
10498,Others-CCCPS119a,2803,26.14754061,91.72797041,323,car,low,2,0,04-10-2016,08:59:00
10499,Others-CCCPS119a,2803,26.14754061,91.72797041,420,bike,low,2,0,04-10-2016,09:32:00
10500,Others-CCCPS119a,2803,26.14754061,91.72797041,476,car,low,3,0,04-10-2016,09:59:00
10501,Others-CCCPS119a,2803,26.14754061,91.72797041,525,cycle,low,4,0,04-10-2016,10:26:00
10502,Others-CCCPS119a,2803,26.14754061,91.72797041,574,truck,average,4,0,04-10-2016,10:59:00
10503,Others-CCCPS119a,2803,26.14754061,91.72797041,588,truck,average,5,0,04-10-2016,11:25:00
10504,Others-CCCPS119a,2803,26.14754061,91.72797041,605,car,average,5,0,04-10-2016,11:59:00
10505,Others-CCCPS119a,2803,26.14754061,91.72797041,604,car,high,9,0,04-10-2016,12:29:00
10506,Others-CCCPS119a,2803,26.14754061,91.72797041,596,car,high,8,0,04-10-2016,13:02:00
10507,Others-CCCPS119a,2803,26.14754061,91.72797041,581,car,high,7,0,04-10-2016,13:29:00
10508,Others-CCCPS119a,2803,26.14754061,91.72797041,576,car,average,4,0,04-10-2016,14:02:00
10509,Others-CCCPS119a,2803,26.14754061,91.72797041,560,car,average,4,0,04-10-2016,14:29:00
10510,Others-CCCPS119a,2803,26.14754061,91.72797041,529,bike,average,4,0,04-10-2016,14:57:00
10511,Others-CCCPS119a,2803,26.14754061,91.72797041,511,car,low,2,0,04-10-2016,15:30:00
10512,Others-CCCPS119a,2803,26.14754061,91.72797041,461,car,average,3,0,04-10-2016,16:04:00
10513,Others-CCCPS119a,2803,26.14754061,91.72797041,406,truck,low,2,0,04-10-2016,16:31:00
10514,Others-CCCPS119a,2803,26.14754061,91.72797041,246,bike,low,2,0,05-10-2016,07:57:00
10515,Others-CCCPS119a,2803,26.14754061,91.72797041,326,car,low,2,0,05-10-2016,08:30:00
10516,Others-CCCPS119a,2803,26.14754061,91.72797041,419,car,low,2,0,05-10-2016,09:04:00
10517,Others-CCCPS119a,2803,26.14754061,91.72797041,478,cycle,low,3,0,05-10-2016,09:30:00
10518,Others-CCCPS119a,2803,26.14754061,91.72797041,547,car,average,4,0,05-10-2016,10:04:00
10519,Others-CCCPS119a,2803,26.14754061,91.72797041,586,bike,average,5,0,05-10-2016,10:30:00
10520,Others-CCCPS119a,2803,26.14754061,91.72797041,603,car,average,5,0,05-10-2016,11:04:00
10521,Others-CCCPS119a,2803,26.14754061,91.72797041,593,car,average,5,0,05-10-2016,11:30:00
10522,Others-CCCPS119a,2803,26.14754061,91.72797041,582,bike,high,8,0,05-10-2016,12:04:00
10523,Others-CCCPS119a,2803,26.14754061,91.72797041,580,truck,high,8,0,05-10-2016,12:30:00
10524,Others-CCCPS119a,2803,26.14754061,91.72797041,586,car,high,9,0,05-10-2016,12:57:00
10525,Others-CCCPS119a,2803,26.14754061,91.72797041,583,car,high,8,0,05-10-2016,13:30:00
10526,Others-CCCPS119a,2803,26.14754061,91.72797041,579,car,average,5,0,05-10-2016,13:57:00
10527,Others-CCCPS119a,2803,26.14754061,91.72797041,547,car,average,4,0,05-10-2016,14:30:00
10528,Others-CCCPS119a,2803,26.14754061,91.72797041,521,car,average,5,0,05-10-2016,14:57:00
10529,Others-CCCPS119a,2803,26.14754061,91.72797041,482,truck,low,2,0,05-10-2016,15:30:00
10530,Others-CCCPS119a,2803,26.14754061,91.72797041,445,car,low,3,0,05-10-2016,16:04:00
10531,Others-CCCPS119a,2803,26.14754061,91.72797041,390,car,low,2,0,05-10-2016,16:30:00
10532,Others-CCCPS119a,2803,26.14754061,91.72797041,174,truck,low,1,0,06-10-2016,07:57:00
10533,Others-CCCPS119a,2803,26.14754061,91.72797041,249,car,average,3,0,06-10-2016,08:30:00
10534,Others-CCCPS119a,2803,26.14754061,91.72797041,324,cycle,average,2,0,06-10-2016,08:57:00
10535,Others-CCCPS119a,2803,26.14754061,91.72797041,389,bike,average,3,0,06-10-2016,09:30:00
10536,Others-CCCPS119a,2803,26.14754061,91.72797041,461,bike,low,4,0,06-10-2016,10:03:00
10537,Others-CCCPS119a,2803,26.14754061,91.72797041,512,bike,average,4,0,06-10-2016,10:30:00
10538,Others-CCCPS119a,2803,26.14754061,91.72797041,540,cycle,average,4,0,06-10-2016,10:57:00
10539,Others-CCCPS119a,2803,26.14754061,91.72797041,569,bike,average,6,0,06-10-2016,11:30:00
10540,Others-CCCPS119a,2803,26.14754061,91.72797041,592,truck,high,8,0,06-10-2016,12:04:00
10541,Others-CCCPS119a,2803,26.14754061,91.72797041,600,car,average,6,0,06-10-2016,12:30:00
10542,Others-CCCPS119a,2803,26.14754061,91.72797041,605,car,average,6,0,06-10-2016,12:57:00
10543,Others-CCCPS119a,2803,26.14754061,91.72797041,592,car,high,7,0,06-10-2016,13:30:00
10544,Others-CCCPS119a,2803,26.14754061,91.72797041,581,car,average,5,0,06-10-2016,13:57:00
10545,Others-CCCPS119a,2803,26.14754061,91.72797041,541,bike,high,6,0,06-10-2016,14:30:00
10546,Others-CCCPS119a,2803,26.14754061,91.72797041,509,bike,low,3,0,06-10-2016,15:04:00
10547,Others-CCCPS119a,2803,26.14754061,91.72797041,490,truck,low,3,0,06-10-2016,15:31:00
10548,Others-CCCPS119a,2803,26.14754061,91.72797041,434,car,average,2,0,06-10-2016,16:04:00
10549,Others-CCCPS119a,2803,26.14754061,91.72797041,397,truck,low,2,0,06-10-2016,16:30:00
10550,Others-CCCPS119a,2803,26.14754061,91.72797041,189,truck,low,1,0,07-10-2016,08:03:00
10551,Others-CCCPS119a,2803,26.14754061,91.72797041,250,car,low,1,0,07-10-2016,08:30:00
10552,Others-CCCPS119a,2803,26.14754061,91.72797041,326,car,low,2,0,07-10-2016,09:04:00
10553,Others-CCCPS119a,2803,26.14754061,91.72797041,372,car,low,2,0,07-10-2016,09:30:00
10554,Others-CCCPS119a,2803,26.14754061,91.72797041,404,car,low,3,0,07-10-2016,09:57:00
10555,Others-CCCPS119a,2803,26.14754061,91.72797041,447,cycle,average,4,0,07-10-2016,10:30:00
10556,Others-CCCPS119a,2803,26.14754061,91.72797041,477,bike,average,4,0,07-10-2016,10:57:00
10557,Others-CCCPS119a,2803,26.14754061,91.72797041,490,car,high,7,0,07-10-2016,11:30:00
10558,Others-CCCPS119a,2803,26.14754061,91.72797041,509,car,high,8,0,07-10-2016,12:03:00
10559,Others-CCCPS119a,2803,26.14754061,91.72797041,498,car,high,9,0,07-10-2016,12:30:00
10560,Others-CCCPS119a,2803,26.14754061,91.72797041,511,car,high,7,0,07-10-2016,13:04:00
10561,Others-CCCPS119a,2803,26.14754061,91.72797041,507,truck,high,8,0,07-10-2016,13:30:00
10562,Others-CCCPS119a,2803,26.14754061,91.72797041,494,car,average,4,0,07-10-2016,14:03:00
10563,Others-CCCPS119a,2803,26.14754061,91.72797041,470,car,high,6,0,07-10-2016,14:30:00
10564,Others-CCCPS119a,2803,26.14754061,91.72797041,434,truck,low,3,0,07-10-2016,15:04:00
10565,Others-CCCPS119a,2803,26.14754061,91.72797041,420,car,average,3,0,07-10-2016,15:30:00
10566,Others-CCCPS119a,2803,26.14754061,91.72797041,395,bike,low,3,0,07-10-2016,15:57:00
10567,Others-CCCPS119a,2803,26.14754061,91.72797041,341,car,low,2,0,07-10-2016,16:30:00
10568,Others-CCCPS119a,2803,26.14754061,91.72797041,86,bike,low,1,0,08-10-2016,07:57:00
10569,Others-CCCPS119a,2803,26.14754061,91.72797041,110,bike,average,2,0,08-10-2016,08:30:00
10570,Others-CCCPS119a,2803,26.14754061,91.72797041,149,car,low,1,0,08-10-2016,08:57:00
10571,Others-CCCPS119a,2803,26.14754061,91.72797041,195,car,low,2,0,08-10-2016,09:30:00
10572,Others-CCCPS119a,2803,26.14754061,91.72797041,256,car,low,3,0,08-10-2016,10:04:00
10573,Others-CCCPS119a,2803,26.14754061,91.72797041,303,car,average,4,0,08-10-2016,10:30:00
10574,Others-CCCPS119a,2803,26.14754061,91.72797041,349,car,average,4,0,08-10-2016,10:57:00
10575,Others-CCCPS119a,2803,26.14754061,91.72797041,388,car,average,5,0,08-10-2016,11:30:00
10576,Others-CCCPS119a,2803,26.14754061,91.72797041,428,truck,high,8,0,08-10-2016,12:04:00
10577,Others-CCCPS119a,2803,26.14754061,91.72797041,457,cycle,high,8,0,08-10-2016,12:30:00
10578,Others-CCCPS119a,2803,26.14754061,91.72797041,502,car,high,8,0,08-10-2016,13:04:00
10579,Others-CCCPS119a,2803,26.14754061,91.72797041,542,car,high,7,0,08-10-2016,13:30:00
10580,Others-CCCPS119a,2803,26.14754061,91.72797041,570,car,average,4,0,08-10-2016,14:03:00
10581,Others-CCCPS119a,2803,26.14754061,91.72797041,579,car,average,5,0,08-10-2016,14:30:00
10582,Others-CCCPS119a,2803,26.14754061,91.72797041,580,car,average,4,0,08-10-2016,14:57:00
10583,Others-CCCPS119a,2803,26.14754061,91.72797041,575,car,low,2,0,08-10-2016,15:30:00
10584,Others-CCCPS119a,2803,26.14754061,91.72797041,573,bike,low,2,0,08-10-2016,16:04:00
10585,Others-CCCPS119a,2803,26.14754061,91.72797041,537,car,average,2,0,08-10-2016,16:30:00
10586,Others-CCCPS119a,2803,26.14754061,91.72797041,101,bike,low,2,1,09-10-2016,08:04:00
10587,Others-CCCPS119a,2803,26.14754061,91.72797041,107,car,low,2,1,09-10-2016,08:30:00
10588,Others-CCCPS119a,2803,26.14754061,91.72797041,130,car,low,3,1,09-10-2016,09:04:00
10589,Others-CCCPS119a,2803,26.14754061,91.72797041,158,bike,low,3,1,09-10-2016,09:30:00
10590,Others-CCCPS119a,2803,26.14754061,91.72797041,176,car,low,3,1,09-10-2016,09:57:00
10591,Others-CCCPS119a,2803,26.14754061,91.72797041,230,bike,average,5,1,09-10-2016,10:30:00
10592,Others-CCCPS119a,2803,26.14754061,91.72797041,298,car,average,7,1,09-10-2016,11:04:00
10593,Others-CCCPS119a,2803,26.14754061,91.72797041,354,car,average,7,1,09-10-2016,11:30:00
10594,Others-CCCPS119a,2803,26.14754061,91.72797041,395,car,average,7,1,09-10-2016,11:57:00
10595,Others-CCCPS119a,2803,26.14754061,91.72797041,447,car,high,11,1,09-10-2016,12:30:00
10596,Others-CCCPS119a,2803,26.14754061,91.72797041,485,car,high,11,1,09-10-2016,13:04:00
10597,Others-CCCPS119a,2803,26.14754061,91.72797041,497,car,average,8,1,09-10-2016,13:30:00
10598,Others-CCCPS119a,2803,26.14754061,91.72797041,480,car,average,6,1,09-10-2016,14:03:00
10599,Others-CCCPS119a,2803,26.14754061,91.72797041,474,cycle,high,8,1,09-10-2016,14:30:00
10600,Others-CCCPS119a,2803,26.14754061,91.72797041,444,car,low,4,1,09-10-2016,15:04:00
10601,Others-CCCPS119a,2803,26.14754061,91.72797041,415,bike,low,3,1,09-10-2016,15:30:00
10602,Others-CCCPS119a,2803,26.14754061,91.72797041,364,car,low,2,1,09-10-2016,16:03:00
10603,Others-CCCPS119a,2803,26.14754061,91.72797041,328,cycle,low,2,1,09-10-2016,16:30:00
10604,Others-CCCPS119a,2803,26.14754061,91.72797041,152,car,low,2,0,10-10-2016,08:04:00
10605,Others-CCCPS119a,2803,26.14754061,91.72797041,199,truck,low,1,0,10-10-2016,08:30:00
10606,Others-CCCPS119a,2803,26.14754061,91.72797041,269,cycle,low,2,0,10-10-2016,09:04:00
10607,Others-CCCPS119a,2803,26.14754061,91.72797041,315,car,low,2,0,10-10-2016,09:30:00
10608,Others-CCCPS119a,2803,26.14754061,91.72797041,367,bike,low,3,0,10-10-2016,10:03:00
10609,Others-CCCPS119a,2803,26.14754061,91.72797041,416,car,average,4,0,10-10-2016,10:30:00
10610,Others-CCCPS119a,2803,26.14754061,91.72797041,436,truck,high,6,0,10-10-2016,10:57:00
10611,Others-CCCPS119a,2803,26.14754061,91.72797041,458,car,average,6,0,10-10-2016,11:30:00
10612,Others-CCCPS119a,2803,26.14754061,91.72797041,471,car,average,6,0,10-10-2016,11:57:00
10613,Others-CCCPS119a,2803,26.14754061,91.72797041,491,car,high,8,0,10-10-2016,12:30:00
10614,Others-CCCPS119a,2803,26.14754061,91.72797041,504,cycle,high,8,0,10-10-2016,13:04:00
10615,Others-CCCPS119a,2803,26.14754061,91.72797041,505,bike,high,8,0,10-10-2016,13:30:00
10616,Others-CCCPS119a,2803,26.14754061,91.72797041,502,bike,high,6,0,10-10-2016,14:03:00
10617,Others-CCCPS119a,2803,26.14754061,91.72797041,485,car,average,4,0,10-10-2016,14:30:00
10618,Others-CCCPS119a,2803,26.14754061,91.72797041,458,car,high,6,0,10-10-2016,14:57:00
10619,Others-CCCPS119a,2803,26.14754061,91.72797041,439,truck,low,2,0,10-10-2016,15:30:00
10620,Others-CCCPS119a,2803,26.14754061,91.72797041,417,car,low,2,0,10-10-2016,15:57:00
10621,Others-CCCPS119a,2803,26.14754061,91.72797041,381,car,low,2,0,10-10-2016,16:30:00
10622,Others-CCCPS119a,2803,26.14754061,91.72797041,240,bike,low,2,0,11-10-2016,08:04:00
10623,Others-CCCPS119a,2803,26.14754061,91.72797041,286,car,low,2,0,11-10-2016,08:30:00
10624,Others-CCCPS119a,2803,26.14754061,91.72797041,358,bike,low,2,0,11-10-2016,08:57:00
10625,Others-CCCPS119a,2803,26.14754061,91.72797041,434,car,low,2,0,11-10-2016,09:30:00
10626,Others-CCCPS119a,2803,26.14754061,91.72797041,476,cycle,low,3,0,11-10-2016,09:57:00
10627,Others-CCCPS119a,2803,26.14754061,91.72797041,515,bike,average,4,0,11-10-2016,10:30:00
10628,Others-CCCPS119a,2803,26.14754061,91.72797041,549,car,average,4,0,11-10-2016,10:57:00
10629,Others-CCCPS119a,2803,26.14754061,91.72797041,546,bike,average,6,0,11-10-2016,11:30:00
10630,Others-CCCPS119a,2803,26.14754061,91.72797041,553,bike,high,9,0,11-10-2016,12:03:00
10631,Others-CCCPS119a,2803,26.14754061,91.72797041,558,bike,high,8,0,11-10-2016,12:30:00
10632,Others-CCCPS119a,2803,26.14754061,91.72797041,559,car,high,7,0,11-10-2016,13:04:00
10633,Others-CCCPS119a,2803,26.14754061,91.72797041,558,car,high,7,0,11-10-2016,13:31:00
10634,Others-CCCPS119a,2803,26.14754061,91.72797041,546,car,average,4,0,11-10-2016,14:04:00
10635,Others-CCCPS119a,2803,26.14754061,91.72797041,537,car,average,4,0,11-10-2016,14:30:00
10636,Others-CCCPS119a,2803,26.14754061,91.72797041,527,bike,low,2,0,11-10-2016,15:03:00
10637,Others-CCCPS119a,2803,26.14754061,91.72797041,502,car,average,3,0,11-10-2016,15:33:00
10638,Others-CCCPS119a,2803,26.14754061,91.72797041,460,car,low,2,0,11-10-2016,16:01:00
10639,Others-CCCPS119a,2803,26.14754061,91.72797041,434,car,average,3,0,11-10-2016,16:26:00
10640,Others-CCCPS119a,2803,26.14754061,91.72797041,274,car,low,2,0,12-10-2016,08:04:00
10641,Others-CCCPS119a,2803,26.14754061,91.72797041,333,truck,average,2,0,12-10-2016,08:31:00
10642,Others-CCCPS119a,2803,26.14754061,91.72797041,418,car,low,3,0,12-10-2016,09:03:00
10643,Others-CCCPS119a,2803,26.14754061,91.72797041,461,truck,low,2,0,12-10-2016,09:26:00
10644,Others-CCCPS119a,2803,26.14754061,91.72797041,507,cycle,low,3,0,12-10-2016,10:01:00
10645,Others-CCCPS119a,2803,26.14754061,91.72797041,541,bike,average,4,0,12-10-2016,10:31:00
10646,Others-CCCPS119a,2803,26.14754061,91.72797041,554,car,average,6,0,12-10-2016,11:04:00
10647,Others-CCCPS119a,2803,26.14754061,91.72797041,576,bike,average,6,0,12-10-2016,11:31:00
10648,Others-CCCPS119a,2803,26.14754061,91.72797041,595,cycle,high,8,0,12-10-2016,12:04:00
10649,Others-CCCPS119a,2803,26.14754061,91.72797041,595,cycle,high,8,0,12-10-2016,12:31:00
10650,Others-CCCPS119a,2803,26.14754061,91.72797041,594,car,high,8,0,12-10-2016,13:04:00
10651,Others-CCCPS119a,2803,26.14754061,91.72797041,593,cycle,average,6,0,12-10-2016,13:34:00
10652,Others-CCCPS119a,2803,26.14754061,91.72797041,582,car,average,4,0,12-10-2016,14:03:00
10653,Others-CCCPS119a,2803,26.14754061,91.72797041,570,car,high,5,0,12-10-2016,14:34:00
10654,Others-CCCPS119a,2803,26.14754061,91.72797041,557,cycle,low,2,0,12-10-2016,15:01:00
10655,Others-CCCPS119a,2803,26.14754061,91.72797041,548,car,low,3,0,12-10-2016,15:30:00
10656,Others-CCCPS119a,2803,26.14754061,91.72797041,525,cycle,average,4,0,12-10-2016,15:57:00
10657,Others-CCCPS119a,2803,26.14754061,91.72797041,483,car,low,2,0,12-10-2016,16:31:00
10658,Others-CCCPS119a,2803,26.14754061,91.72797041,197,car,low,2,0,13-10-2016,07:57:00
10659,Others-CCCPS119a,2803,26.14754061,91.72797041,276,bike,average,2,0,13-10-2016,08:31:00
10660,Others-CCCPS119a,2803,26.14754061,91.72797041,342,bike,low,3,0,13-10-2016,09:04:00
10661,Others-CCCPS119a,2803,26.14754061,91.72797041,394,bike,low,2,0,13-10-2016,09:31:00
10662,Others-CCCPS119a,2803,26.14754061,91.72797041,452,cycle,low,3,0,13-10-2016,09:57:00
10663,Others-CCCPS119a,2803,26.14754061,91.72797041,496,car,high,5,0,13-10-2016,10:31:00
10664,Others-CCCPS119a,2803,26.14754061,91.72797041,540,car,high,8,0,13-10-2016,11:04:00
10665,Others-CCCPS119a,2803,26.14754061,91.72797041,573,car,average,5,0,13-10-2016,11:31:00
10666,Others-CCCPS119a,2803,26.14754061,91.72797041,588,car,average,6,0,13-10-2016,11:57:00
10667,Others-CCCPS119a,2803,26.14754061,91.72797041,591,car,high,9,0,13-10-2016,12:31:00
10668,Others-CCCPS119a,2803,26.14754061,91.72797041,597,truck,high,8,0,13-10-2016,13:04:00
10669,Others-CCCPS119a,2803,26.14754061,91.72797041,603,bike,high,7,0,13-10-2016,13:31:00
10670,Others-CCCPS119a,2803,26.14754061,91.72797041,603,car,average,6,0,13-10-2016,13:57:00
10671,Others-CCCPS119a,2803,26.14754061,91.72797041,568,truck,average,4,0,13-10-2016,14:31:00
10672,Others-CCCPS119a,2803,26.14754061,91.72797041,554,car,low,2,0,13-10-2016,15:04:00
10673,Others-CCCPS119a,2803,26.14754061,91.72797041,536,car,low,2,0,13-10-2016,15:31:00
10674,Others-CCCPS119a,2803,26.14754061,91.72797041,512,car,low,2,0,13-10-2016,16:04:00
10675,Others-CCCPS119a,2803,26.14754061,91.72797041,466,car,low,2,0,13-10-2016,16:31:00
10676,Others-CCCPS119a,2803,26.14754061,91.72797041,203,truck,low,2,0,14-10-2016,08:01:00
10677,Others-CCCPS119a,2803,26.14754061,91.72797041,268,car,low,2,0,14-10-2016,08:27:00
10678,Others-CCCPS119a,2803,26.14754061,91.72797041,372,car,low,2,0,14-10-2016,09:01:00
10679,Others-CCCPS119a,2803,26.14754061,91.72797041,453,car,low,3,0,14-10-2016,09:27:00
10680,Others-CCCPS119a,2803,26.14754061,91.72797041,527,car,low,3,0,14-10-2016,10:01:00
10681,Others-CCCPS119a,2803,26.14754061,91.72797041,574,car,average,4,0,14-10-2016,10:27:00
10682,Others-CCCPS119a,2803,26.14754061,91.72797041,632,car,average,5,0,14-10-2016,11:01:00
10683,Others-CCCPS119a,2803,26.14754061,91.72797041,653,car,average,6,0,14-10-2016,11:27:00
10684,Others-CCCPS119a,2803,26.14754061,91.72797041,680,car,high,8,0,14-10-2016,12:01:00
10685,Others-CCCPS119a,2803,26.14754061,91.72797041,681,bike,high,8,0,14-10-2016,12:27:00
10686,Others-CCCPS119a,2803,26.14754061,91.72797041,703,truck,high,7,0,14-10-2016,13:01:00
10687,Others-CCCPS119a,2803,26.14754061,91.72797041,694,car,high,8,0,14-10-2016,13:27:00
10688,Others-CCCPS119a,2803,26.14754061,91.72797041,675,truck,average,5,0,14-10-2016,14:01:00
10689,Others-CCCPS119a,2803,26.14754061,91.72797041,637,cycle,high,6,0,14-10-2016,14:34:00
10690,Others-CCCPS119a,2803,26.14754061,91.72797041,599,cycle,low,2,0,14-10-2016,15:01:00
10691,Others-CCCPS119a,2803,26.14754061,91.72797041,526,car,average,3,0,14-10-2016,15:27:00
10692,Others-CCCPS119a,2803,26.14754061,91.72797041,439,cycle,low,2,0,14-10-2016,16:01:00
10693,Others-CCCPS119a,2803,26.14754061,91.72797041,411,truck,average,2,0,14-10-2016,16:34:00
10694,Others-CCCPS119a,2803,26.14754061,91.72797041,116,car,low,2,0,15-10-2016,08:01:00
10695,Others-CCCPS119a,2803,26.14754061,91.72797041,132,car,low,1,0,15-10-2016,08:34:00
10696,Others-CCCPS119a,2803,26.14754061,91.72797041,161,bike,average,3,0,15-10-2016,09:01:00
10697,Others-CCCPS119a,2803,26.14754061,91.72797041,203,car,low,3,0,15-10-2016,09:27:00
10698,Others-CCCPS119a,2803,26.14754061,91.72797041,254,car,low,3,0,15-10-2016,10:01:00
10699,Others-CCCPS119a,2803,26.14754061,91.72797041,301,car,low,2,0,15-10-2016,10:27:00
10700,Others-CCCPS119a,2803,26.14754061,91.72797041,360,car,high,7,0,15-10-2016,11:01:00
10701,Others-CCCPS119a,2803,26.14754061,91.72797041,408,bike,average,5,0,15-10-2016,11:27:00
10702,Others-CCCPS119a,2803,26.14754061,91.72797041,460,cycle,high,8,0,15-10-2016,12:01:00
10703,Others-CCCPS119a,2803,26.14754061,91.72797041,497,bike,high,9,0,15-10-2016,12:27:00
10704,Others-CCCPS119a,2803,26.14754061,91.72797041,527,bike,high,8,0,15-10-2016,13:01:00
10705,Others-CCCPS119a,2803,26.14754061,91.72797041,545,cycle,high,7,0,15-10-2016,13:34:00
10706,Others-CCCPS119a,2803,26.14754061,91.72797041,547,bike,average,4,0,15-10-2016,14:01:00
10707,Others-CCCPS119a,2803,26.14754061,91.72797041,537,cycle,average,4,0,15-10-2016,14:27:00
10708,Others-CCCPS119a,2803,26.14754061,91.72797041,526,car,low,2,0,15-10-2016,15:01:00
10709,Others-CCCPS119a,2803,26.14754061,91.72797041,510,car,low,2,0,15-10-2016,15:27:00
10710,Others-CCCPS119a,2803,26.14754061,91.72797041,499,bike,low,2,0,15-10-2016,16:01:00
10711,Others-CCCPS119a,2803,26.14754061,91.72797041,474,car,low,3,0,15-10-2016,16:27:00
10712,Others-CCCPS119a,2803,26.14754061,91.72797041,191,car,low,2,1,16-10-2016,08:04:00
10713,Others-CCCPS119a,2803,26.14754061,91.72797041,246,car,average,3,1,16-10-2016,08:27:00
10714,Others-CCCPS119a,2803,26.14754061,91.72797041,379,cycle,low,3,1,16-10-2016,09:01:00
10715,Others-CCCPS119a,2803,26.14754061,91.72797041,512,car,low,3,1,16-10-2016,09:27:00
10716,Others-CCCPS119a,2803,26.14754061,91.72797041,570,truck,low,5,1,16-10-2016,10:04:00
10717,Others-CCCPS119a,2803,26.14754061,91.72797041,592,bike,high,9,1,16-10-2016,10:34:00
10718,Others-CCCPS119a,2803,26.14754061,91.72797041,609,car,average,8,1,16-10-2016,11:01:00
10719,Others-CCCPS119a,2803,26.14754061,91.72797041,630,car,average,8,1,16-10-2016,11:27:00
10720,Others-CCCPS119a,2803,26.14754061,91.72797041,668,cycle,high,12,1,16-10-2016,12:01:00
10721,Others-CCCPS119a,2803,26.14754061,91.72797041,669,car,average,8,1,16-10-2016,12:27:00
10722,Others-CCCPS119a,2803,26.14754061,91.72797041,657,car,average,8,1,16-10-2016,13:01:00
10723,Others-CCCPS119a,2803,26.14754061,91.72797041,623,car,high,11,1,16-10-2016,13:27:00
10724,Others-CCCPS119a,2803,26.14754061,91.72797041,542,bike,average,6,1,16-10-2016,14:01:00
10725,Others-CCCPS119a,2803,26.14754061,91.72797041,488,bike,average,6,1,16-10-2016,14:34:00
10726,Others-CCCPS119a,2803,26.14754061,91.72797041,450,car,low,3,1,16-10-2016,15:01:00
10727,Others-CCCPS119a,2803,26.14754061,91.72797041,411,car,low,3,1,16-10-2016,15:31:00
10728,Others-CCCPS119a,2803,26.14754061,91.72797041,369,cycle,low,3,1,16-10-2016,15:57:00
10729,Others-CCCPS119a,2803,26.14754061,91.72797041,329,truck,low,2,1,16-10-2016,16:31:00
10730,Others-CCCPS119a,2803,26.14754061,91.72797041,173,cycle,low,1,0,17-10-2016,08:01:00
10731,Others-CCCPS119a,2803,26.14754061,91.72797041,232,car,low,2,0,17-10-2016,08:27:00
10732,Others-CCCPS119a,2803,26.14754061,91.72797041,302,bike,average,3,0,17-10-2016,09:01:00
10733,Others-CCCPS119a,2803,26.14754061,91.72797041,343,car,low,2,0,17-10-2016,09:27:00
10734,Others-CCCPS119a,2803,26.14754061,91.72797041,390,car,average,4,0,17-10-2016,10:04:00
10735,Others-CCCPS119a,2803,26.14754061,91.72797041,444,car,average,3,0,17-10-2016,10:31:00
10736,Others-CCCPS119a,2803,26.14754061,91.72797041,492,car,average,6,0,17-10-2016,11:04:00
10737,Others-CCCPS119a,2803,26.14754061,91.72797041,529,truck,average,5,0,17-10-2016,11:31:00
10738,Others-CCCPS119a,2803,26.14754061,91.72797041,552,truck,high,8,0,17-10-2016,12:04:00
10739,Others-CCCPS119a,2803,26.14754061,91.72797041,566,bike,high,8,0,17-10-2016,12:31:00
10740,Others-CCCPS119a,2803,26.14754061,91.72797041,577,bike,high,9,0,17-10-2016,12:57:00
10741,Others-CCCPS119a,2803,26.14754061,91.72797041,588,car,high,8,0,17-10-2016,13:31:00
10742,Others-CCCPS119a,2803,26.14754061,91.72797041,594,bike,average,4,0,17-10-2016,14:04:00
10743,Others-CCCPS119a,2803,26.14754061,91.72797041,582,bike,average,4,0,17-10-2016,14:31:00
10744,Others-CCCPS119a,2803,26.14754061,91.72797041,558,truck,high,6,0,17-10-2016,14:57:00
10745,Others-CCCPS119a,2803,26.14754061,91.72797041,553,car,low,2,0,17-10-2016,15:31:00
10746,Others-CCCPS119a,2803,26.14754061,91.72797041,576,car,low,2,0,17-10-2016,15:57:00
10747,Others-CCCPS119a,2803,26.14754061,91.72797041,600,bike,low,2,0,17-10-2016,16:28:00
10748,Others-CCCPS119a,2803,26.14754061,91.72797041,246,car,low,1,0,18-10-2016,08:01:00
10749,Others-CCCPS119a,2803,26.14754061,91.72797041,295,car,average,2,0,18-10-2016,08:28:00
10750,Others-CCCPS119a,2803,26.14754061,91.72797041,383,car,low,2,0,18-10-2016,09:01:00
10751,Others-CCCPS119a,2803,26.14754061,91.72797041,449,car,low,3,0,18-10-2016,09:28:00
10752,Others-CCCPS119a,2803,26.14754061,91.72797041,528,bike,low,3,0,18-10-2016,10:01:00
10753,Others-CCCPS119a,2803,26.14754061,91.72797041,571,car,average,4,0,18-10-2016,10:28:00
10754,Others-CCCPS119a,2803,26.14754061,91.72797041,620,car,average,5,0,18-10-2016,11:01:00
10755,Others-CCCPS119a,2803,26.14754061,91.72797041,640,car,high,8,0,18-10-2016,11:27:00
10756,Others-CCCPS119a,2803,26.14754061,91.72797041,660,bike,high,9,0,18-10-2016,12:01:00
10757,Others-CCCPS119a,2803,26.14754061,91.72797041,678,car,high,9,0,18-10-2016,12:27:00
10758,Others-CCCPS119a,2803,26.14754061,91.72797041,683,car,high,8,0,18-10-2016,13:01:00
10759,Others-CCCPS119a,2803,26.14754061,91.72797041,681,truck,high,8,0,18-10-2016,13:28:00
10760,Others-CCCPS119a,2803,26.14754061,91.72797041,688,car,average,6,0,18-10-2016,13:54:00
10761,Others-CCCPS119a,2803,26.14754061,91.72797041,682,bike,average,4,0,18-10-2016,14:27:00
10762,Others-CCCPS119a,2803,26.14754061,91.72797041,670,car,low,2,0,18-10-2016,15:01:00
10763,Others-CCCPS119a,2803,26.14754061,91.72797041,637,bike,low,3,0,18-10-2016,15:27:00
10764,Others-CCCPS119a,2803,26.14754061,91.72797041,647,bike,low,3,0,18-10-2016,15:55:00
10765,Others-CCCPS119a,2803,26.14754061,91.72797041,621,car,low,2,0,18-10-2016,16:27:00
10766,Others-CCCPS119a,2803,26.14754061,91.72797041,402,truck,low,1,0,19-10-2016,08:05:00
10767,Others-CCCPS119a,2803,26.14754061,91.72797041,442,cycle,low,3,0,19-10-2016,08:25:00
10768,Others-CCCPS119a,2803,26.14754061,91.72797041,539,bike,low,2,0,19-10-2016,08:58:00
10769,Others-CCCPS119a,2803,26.14754061,91.72797041,609,car,low,3,0,19-10-2016,09:32:00
10770,Others-CCCPS119a,2803,26.14754061,91.72797041,656,car,low,3,0,19-10-2016,09:58:00
10771,Others-CCCPS119a,2803,26.14754061,91.72797041,703,car,low,4,0,19-10-2016,10:25:00
10772,Others-CCCPS119a,2803,26.14754061,91.72797041,742,car,average,5,0,19-10-2016,10:59:00
10773,Others-CCCPS119a,2803,26.14754061,91.72797041,754,truck,high,8,0,19-10-2016,11:25:00
10774,Others-CCCPS119a,2803,26.14754061,91.72797041,757,car,average,6,0,19-10-2016,11:59:00
10775,Others-CCCPS119a,2803,26.14754061,91.72797041,772,cycle,high,9,0,19-10-2016,12:25:00
10776,Others-CCCPS119a,2803,26.14754061,91.72797041,784,bike,high,8,0,19-10-2016,12:58:00
10777,Others-CCCPS119a,2803,26.14754061,91.72797041,777,car,high,8,0,19-10-2016,13:25:00
10778,Others-CCCPS119a,2803,26.14754061,91.72797041,766,car,average,6,0,19-10-2016,13:58:00
10779,Others-CCCPS119a,2803,26.14754061,91.72797041,760,truck,average,4,0,19-10-2016,14:32:00
10780,Others-CCCPS119a,2803,26.14754061,91.72797041,757,car,average,4,0,19-10-2016,14:58:00
10781,Others-CCCPS119a,2803,26.14754061,91.72797041,729,bike,low,2,0,19-10-2016,15:32:00
10782,Others-CCCPS119a,2803,26.14754061,91.72797041,700,car,low,2,0,19-10-2016,15:59:00
10783,Others-CCCPS119a,2803,26.14754061,91.72797041,659,truck,low,2,0,19-10-2016,16:25:00
10784,Others-CCCPS119a,2803,26.14754061,91.72797041,70,bike,low,2,0,22-10-2016,07:59:00
10785,Others-CCCPS119a,2803,26.14754061,91.72797041,75,car,low,2,0,22-10-2016,08:26:00
10786,Others-CCCPS119a,2803,26.14754061,91.72797041,97,bike,low,2,0,22-10-2016,08:59:00
10787,Others-CCCPS119a,2803,26.14754061,91.72797041,126,car,low,2,0,22-10-2016,09:26:00
10788,Others-CCCPS119a,2803,26.14754061,91.72797041,177,car,low,1,0,22-10-2016,09:59:00
10789,Others-CCCPS119a,2803,26.14754061,91.72797041,211,car,low,3,0,22-10-2016,10:26:00
10790,Others-CCCPS119a,2803,26.14754061,91.72797041,282,bike,high,5,0,22-10-2016,10:59:00
10791,Others-CCCPS119a,2803,26.14754061,91.72797041,353,car,average,5,0,22-10-2016,11:32:00
10792,Others-CCCPS119a,2803,26.14754061,91.72797041,412,truck,average,5,0,22-10-2016,11:59:00
10793,Others-CCCPS119a,2803,26.14754061,91.72797041,499,truck,high,8,0,22-10-2016,12:32:00
10794,Others-CCCPS119a,2803,26.14754061,91.72797041,549,car,high,9,0,22-10-2016,12:59:00
10795,Others-CCCPS119a,2803,26.14754061,91.72797041,570,truck,high,8,0,22-10-2016,13:32:00
10796,Others-CCCPS119a,2803,26.14754061,91.72797041,555,car,average,5,0,22-10-2016,13:59:00
10797,Others-CCCPS119a,2803,26.14754061,91.72797041,567,cycle,average,4,0,22-10-2016,14:39:00
10798,Others-CCCPS119a,2803,26.14754061,91.72797041,564,car,average,4,0,22-10-2016,14:59:00
10799,Others-CCCPS119a,2803,26.14754061,91.72797041,554,car,low,3,0,22-10-2016,15:26:00
10800,Others-CCCPS119a,2803,26.14754061,91.72797041,554,car,low,2,0,22-10-2016,15:59:00
10801,Others-CCCPS119a,2803,26.14754061,91.72797041,536,car,low,2,0,22-10-2016,16:26:00
10802,Others-CCCPS119a,2803,26.14754061,91.72797041,80,car,low,2,1,23-10-2016,07:59:00
10803,Others-CCCPS119a,2803,26.14754061,91.72797041,87,bike,low,2,1,23-10-2016,08:26:00
10804,Others-CCCPS119a,2803,26.14754061,91.72797041,116,bike,low,3,1,23-10-2016,08:59:00
10805,Others-CCCPS119a,2803,26.14754061,91.72797041,135,car,low,3,1,23-10-2016,09:26:00
10806,Others-CCCPS119a,2803,26.14754061,91.72797041,185,cycle,low,3,1,23-10-2016,09:59:00
10807,Others-CCCPS119a,2803,26.14754061,91.72797041,241,truck,low,4,1,23-10-2016,10:26:00
10808,Others-CCCPS119a,2803,26.14754061,91.72797041,349,bike,average,5,1,23-10-2016,10:59:00
10809,Others-CCCPS119a,2803,26.14754061,91.72797041,409,truck,high,10,1,23-10-2016,11:26:00
10810,Others-CCCPS119a,2803,26.14754061,91.72797041,481,car,average,7,1,23-10-2016,11:59:00
10811,Others-CCCPS119a,2803,26.14754061,91.72797041,526,car,high,12,1,23-10-2016,12:26:00
10812,Others-CCCPS119a,2803,26.14754061,91.72797041,540,truck,high,11,1,23-10-2016,13:06:00
10813,Others-CCCPS119a,2803,26.14754061,91.72797041,529,bike,high,11,1,23-10-2016,13:26:00
10814,Others-CCCPS119a,2803,26.14754061,91.72797041,513,car,average,7,1,23-10-2016,13:59:00
10815,Others-CCCPS119a,2803,26.14754061,91.72797041,505,car,average,6,1,23-10-2016,14:26:00
10816,Others-CCCPS119a,2803,26.14754061,91.72797041,488,truck,average,6,1,23-10-2016,14:59:00
10817,Others-CCCPS119a,2803,26.14754061,91.72797041,469,car,low,4,1,23-10-2016,15:26:00
10818,Others-CCCPS119a,2803,26.14754061,91.72797041,436,car,average,4,1,23-10-2016,15:59:00
10819,Others-CCCPS119a,2803,26.14754061,91.72797041,391,truck,low,3,1,23-10-2016,16:26:00
10820,Others-CCCPS119a,2803,26.14754061,91.72797041,117,car,low,1,0,24-10-2016,07:56:00
10821,Others-CCCPS119a,2803,26.14754061,91.72797041,189,bike,low,2,0,24-10-2016,08:29:00
10822,Others-CCCPS119a,2803,26.14754061,91.72797041,259,car,low,2,0,24-10-2016,09:03:00
10823,Others-CCCPS119a,2803,26.14754061,91.72797041,282,bike,low,2,0,24-10-2016,09:30:00
10824,Others-CCCPS119a,2803,26.14754061,91.72797041,314,bike,low,2,0,24-10-2016,09:55:00
10825,Others-CCCPS119a,2803,26.14754061,91.72797041,373,car,average,4,0,24-10-2016,10:30:00
10826,Others-CCCPS119a,2803,26.14754061,91.72797041,422,truck,high,7,0,24-10-2016,11:03:00
10827,Others-CCCPS119a,2803,26.14754061,91.72797041,471,car,average,5,0,24-10-2016,11:29:00
10828,Others-CCCPS119a,2803,26.14754061,91.72797041,514,car,high,8,0,24-10-2016,12:02:00
10829,Others-CCCPS119a,2803,26.14754061,91.72797041,553,bike,high,8,0,24-10-2016,12:30:00
10830,Others-CCCPS119a,2803,26.14754061,91.72797041,581,cycle,high,9,0,24-10-2016,12:56:00
10831,Others-CCCPS119a,2803,26.14754061,91.72797041,574,car,high,8,0,24-10-2016,13:30:00
10832,Others-CCCPS119a,2803,26.14754061,91.72797041,578,truck,average,5,0,24-10-2016,13:56:00
10833,Others-CCCPS119a,2803,26.14754061,91.72797041,553,car,average,4,0,24-10-2016,14:30:00
10834,Others-CCCPS119a,2803,26.14754061,91.72797041,530,car,average,5,0,24-10-2016,14:56:00
10835,Others-CCCPS119a,2803,26.14754061,91.72797041,476,car,average,3,0,24-10-2016,15:32:00
10836,Others-CCCPS119a,2803,26.14754061,91.72797041,438,truck,low,2,0,24-10-2016,16:00:00
10837,Others-CCCPS119a,2803,26.14754061,91.72797041,377,car,low,2,0,24-10-2016,16:33:00
10838,Others-CCCPS119a,2803,26.14754061,91.72797041,188,car,low,2,0,25-10-2016,08:00:00
10839,Others-CCCPS119a,2803,26.14754061,91.72797041,259,car,low,2,0,25-10-2016,08:26:00
10840,Others-CCCPS119a,2803,26.14754061,91.72797041,333,car,average,2,0,25-10-2016,09:00:00
10841,Others-CCCPS119a,2803,26.14754061,91.72797041,373,car,average,3,0,25-10-2016,09:19:00
10842,Others-CCCPS119a,2803,26.14754061,91.72797041,422,cycle,low,2,0,25-10-2016,09:56:00
10843,Others-CCCPS119a,2803,26.14754061,91.72797041,480,cycle,average,4,0,25-10-2016,10:29:00
10844,Others-CCCPS119a,2803,26.14754061,91.72797041,530,car,average,4,0,25-10-2016,10:56:00
10845,Others-CCCPS119a,2803,26.14754061,91.72797041,596,truck,average,5,0,25-10-2016,11:29:00
10846,Others-CCCPS119a,2803,26.14754061,91.72797041,669,car,high,9,0,25-10-2016,12:02:00
10847,Others-CCCPS119a,2803,26.14754061,91.72797041,680,bike,high,9,0,25-10-2016,12:29:00
10848,Others-CCCPS119a,2803,26.14754061,91.72797041,680,cycle,high,8,0,25-10-2016,13:03:00
10849,Others-CCCPS119a,2803,26.14754061,91.72797041,678,car,high,8,0,25-10-2016,13:29:00
10850,Others-CCCPS119a,2803,26.14754061,91.72797041,675,car,average,5,0,25-10-2016,13:56:00
10851,Others-CCCPS119a,2803,26.14754061,91.72797041,680,cycle,average,5,0,25-10-2016,14:29:00
10852,Others-CCCPS119a,2803,26.14754061,91.72797041,643,car,low,3,0,25-10-2016,15:02:00
10853,Others-CCCPS119a,2803,26.14754061,91.72797041,610,cycle,low,2,0,25-10-2016,15:29:00
10854,Others-CCCPS119a,2803,26.14754061,91.72797041,564,cycle,low,2,0,25-10-2016,15:56:00
10855,Others-CCCPS119a,2803,26.14754061,91.72797041,545,bike,low,2,0,25-10-2016,16:29:00
10856,Others-CCCPS119a,2803,26.14754061,91.72797041,192,car,low,2,0,26-10-2016,07:59:00
10857,Others-CCCPS119a,2803,26.14754061,91.72797041,266,bike,average,2,0,26-10-2016,08:32:00
10858,Others-CCCPS119a,2803,26.14754061,91.72797041,323,car,low,2,0,26-10-2016,08:59:00
10859,Others-CCCPS119a,2803,26.14754061,91.72797041,380,car,low,2,0,26-10-2016,09:26:00
10860,Others-CCCPS119a,2803,26.14754061,91.72797041,439,car,low,2,0,26-10-2016,09:59:00
10861,Others-CCCPS119a,2803,26.14754061,91.72797041,491,car,low,3,0,26-10-2016,10:26:00
10862,Others-CCCPS119a,2803,26.14754061,91.72797041,570,car,average,4,0,26-10-2016,10:59:00
10863,Others-CCCPS119a,2803,26.14754061,91.72797041,625,car,average,5,0,26-10-2016,11:26:00
10864,Others-CCCPS119a,2803,26.14754061,91.72797041,684,car,high,8,0,26-10-2016,11:59:00
10865,Others-CCCPS119a,2803,26.14754061,91.72797041,755,car,high,9,0,26-10-2016,12:26:00
10866,Others-CCCPS119a,2803,26.14754061,91.72797041,823,cycle,high,9,0,26-10-2016,12:59:00
10867,Others-CCCPS119a,2803,26.14754061,91.72797041,883,car,high,8,0,26-10-2016,13:26:00
10868,Others-CCCPS119a,2803,26.14754061,91.72797041,1084,car,average,6,0,26-10-2016,13:59:00
10869,Others-CCCPS119a,2803,26.14754061,91.72797041,1148,cycle,average,5,0,26-10-2016,14:26:00
10870,Others-CCCPS119a,2803,26.14754061,91.72797041,1138,car,average,5,0,26-10-2016,14:59:00
10871,Others-CCCPS119a,2803,26.14754061,91.72797041,1106,bike,average,4,0,26-10-2016,15:26:00
10872,Others-CCCPS119a,2803,26.14754061,91.72797041,1054,car,low,3,0,26-10-2016,15:59:00
10873,Others-CCCPS119a,2803,26.14754061,91.72797041,941,car,low,2,0,26-10-2016,16:32:00
10874,Others-CCCPS119a,2803,26.14754061,91.72797041,135,car,low,2,0,27-10-2016,07:59:00
10875,Others-CCCPS119a,2803,26.14754061,91.72797041,247,car,average,2,0,27-10-2016,08:32:00
10876,Others-CCCPS119a,2803,26.14754061,91.72797041,358,bike,low,2,0,27-10-2016,08:59:00
10877,Others-CCCPS119a,2803,26.14754061,91.72797041,536,car,low,3,0,27-10-2016,09:32:00
10878,Others-CCCPS119a,2803,26.14754061,91.72797041,766,car,low,2,0,27-10-2016,09:59:00
10879,Others-CCCPS119a,2803,26.14754061,91.72797041,940,car,low,3,0,27-10-2016,10:25:00
10880,Others-CCCPS119a,2803,26.14754061,91.72797041,1021,car,average,4,0,27-10-2016,10:59:00
10881,Others-CCCPS119a,2803,26.14754061,91.72797041,1088,car,high,8,0,27-10-2016,11:32:00
10882,Others-CCCPS119a,2803,26.14754061,91.72797041,1137,car,average,6,0,27-10-2016,11:59:00
10883,Others-CCCPS119a,2803,26.14754061,91.72797041,1252,car,average,7,0,27-10-2016,12:26:00
10884,Others-CCCPS119a,2803,26.14754061,91.72797041,1142,car,average,7,0,27-10-2016,12:59:00
10885,Others-CCCPS119a,2803,26.14754061,91.72797041,1157,bike,high,9,0,27-10-2016,13:32:00
10886,Others-CCCPS119a,2803,26.14754061,91.72797041,1208,truck,average,6,0,27-10-2016,13:59:00
10887,Others-CCCPS119a,2803,26.14754061,91.72797041,1220,cycle,average,4,0,27-10-2016,14:26:00
10888,Others-CCCPS119a,2803,26.14754061,91.72797041,1179,car,average,5,0,27-10-2016,14:59:00
10889,Others-CCCPS119a,2803,26.14754061,91.72797041,1126,cycle,average,4,0,27-10-2016,15:26:00
10890,Others-CCCPS119a,2803,26.14754061,91.72797041,1041,car,low,3,0,27-10-2016,15:59:00
10891,Others-CCCPS119a,2803,26.14754061,91.72797041,976,truck,low,2,0,27-10-2016,16:26:00
10892,Others-CCCPS119a,2803,26.14754061,91.72797041,185,truck,average,2,0,28-10-2016,08:16:00
10893,Others-CCCPS119a,2803,26.14754061,91.72797041,185,car,low,2,0,28-10-2016,08:16:00
10894,Others-CCCPS119a,2803,26.14754061,91.72797041,301,car,low,2,0,28-10-2016,08:56:00
10895,Others-CCCPS119a,2803,26.14754061,91.72797041,451,car,low,3,0,28-10-2016,09:29:00
10896,Others-CCCPS119a,2803,26.14754061,91.72797041,737,car,low,3,0,28-10-2016,10:02:00
10897,Others-CCCPS119a,2803,26.14754061,91.72797041,836,bike,low,3,0,28-10-2016,10:29:00
10898,Others-CCCPS119a,2803,26.14754061,91.72797041,915,bike,average,4,0,28-10-2016,10:56:00
10899,Others-CCCPS119a,2803,26.14754061,91.72797041,976,car,average,6,0,28-10-2016,11:29:00
10900,Others-CCCPS119a,2803,26.14754061,91.72797041,1032,car,high,9,0,28-10-2016,12:02:00
10901,Others-CCCPS119a,2803,26.14754061,91.72797041,1082,car,high,9,0,28-10-2016,12:29:00
10902,Others-CCCPS119a,2803,26.14754061,91.72797041,851,truck,high,8,0,28-10-2016,13:02:00
10903,Others-CCCPS119a,2803,26.14754061,91.72797041,927,car,high,8,0,28-10-2016,13:29:00
10904,Others-CCCPS119a,2803,26.14754061,91.72797041,1120,car,average,5,0,28-10-2016,14:02:00
10905,Others-CCCPS119a,2803,26.14754061,91.72797041,1191,truck,average,4,0,28-10-2016,14:29:00
10906,Others-CCCPS119a,2803,26.14754061,91.72797041,1147,car,low,3,0,28-10-2016,15:02:00
10907,Others-CCCPS119a,2803,26.14754061,91.72797041,1086,car,low,3,0,28-10-2016,15:29:00
10908,Others-CCCPS119a,2803,26.14754061,91.72797041,1023,bike,low,2,0,28-10-2016,16:02:00
10909,Others-CCCPS119a,2803,26.14754061,91.72797041,963,car,low,2,0,28-10-2016,16:29:00
10910,Others-CCCPS119a,2803,26.14754061,91.72797041,98,cycle,low,1,0,29-10-2016,07:59:00
10911,Others-CCCPS119a,2803,26.14754061,91.72797041,109,bike,low,2,0,29-10-2016,08:26:00
10912,Others-CCCPS119a,2803,26.14754061,91.72797041,171,car,low,1,0,29-10-2016,08:59:00
10913,Others-CCCPS119a,2803,26.14754061,91.72797041,313,car,low,2,0,29-10-2016,09:26:00
10914,Others-CCCPS119a,2803,26.14754061,91.72797041,622,cycle,low,2,0,29-10-2016,09:59:00
10915,Others-CCCPS119a,2803,26.14754061,91.72797041,800,car,low,4,0,29-10-2016,10:26:00
10916,Others-CCCPS119a,2803,26.14754061,91.72797041,917,car,average,5,0,29-10-2016,10:59:00
10917,Others-CCCPS119a,2803,26.14754061,91.72797041,970,bike,average,6,0,29-10-2016,11:25:00
10918,Others-CCCPS119a,2803,26.14754061,91.72797041,1108,car,high,9,0,29-10-2016,12:06:00
10919,Others-CCCPS119a,2803,26.14754061,91.72797041,1144,car,high,9,0,29-10-2016,12:26:00
10920,Others-CCCPS119a,2803,26.14754061,91.72797041,933,car,high,10,0,29-10-2016,12:59:00
10921,Others-CCCPS119a,2803,26.14754061,91.72797041,863,car,high,8,0,29-10-2016,13:26:00
10922,Others-CCCPS119a,2803,26.14754061,91.72797041,1036,car,high,9,0,29-10-2016,13:59:00
10923,Others-CCCPS119a,2803,26.14754061,91.72797041,1176,car,average,5,0,29-10-2016,14:26:00
10924,Others-CCCPS119a,2803,26.14754061,91.72797041,1147,bike,average,5,0,29-10-2016,14:59:00
10925,Others-CCCPS119a,2803,26.14754061,91.72797041,1125,truck,low,2,0,29-10-2016,15:26:00
10926,Others-CCCPS119a,2803,26.14754061,91.72797041,1114,bike,low,3,0,29-10-2016,15:59:00
10927,Others-CCCPS119a,2803,26.14754061,91.72797041,1106,car,low,2,0,29-10-2016,16:26:00
10928,Others-CCCPS119a,2803,26.14754061,91.72797041,81,car,low,2,1,30-10-2016,07:59:00
10929,Others-CCCPS119a,2803,26.14754061,91.72797041,81,car,low,2,1,30-10-2016,07:59:00
10930,Others-CCCPS119a,2803,26.14754061,91.72797041,81,car,low,2,1,30-10-2016,07:59:00
10931,Others-CCCPS119a,2803,26.14754061,91.72797041,87,car,low,3,1,30-10-2016,08:25:00
10932,Others-CCCPS119a,2803,26.14754061,91.72797041,99,car,low,2,1,30-10-2016,08:59:00
10933,Others-CCCPS119a,2803,26.14754061,91.72797041,114,car,low,3,1,30-10-2016,09:25:00
10934,Others-CCCPS119a,2803,26.14754061,91.72797041,131,car,low,3,1,30-10-2016,09:59:00
10935,Others-CCCPS119a,2803,26.14754061,91.72797041,173,truck,low,3,1,30-10-2016,10:25:00
10936,Others-CCCPS119a,2803,26.14754061,91.72797041,243,car,average,5,1,30-10-2016,10:59:00
10937,Others-CCCPS119a,2803,26.14754061,91.72797041,332,car,average,7,1,30-10-2016,11:25:00
10938,Others-CCCPS119a,2803,26.14754061,91.72797041,458,car,average,7,1,30-10-2016,11:59:00
10939,Others-CCCPS119a,2803,26.14754061,91.72797041,527,car,high,12,1,30-10-2016,12:26:00
10940,Others-CCCPS119a,2803,26.14754061,91.72797041,718,bike,high,11,1,30-10-2016,13:06:00
10941,Others-CCCPS119a,2803,26.14754061,91.72797041,853,bike,high,11,1,30-10-2016,13:25:00
10942,Others-CCCPS119a,2803,26.14754061,91.72797041,1105,bike,average,9,1,30-10-2016,13:59:00
10943,Others-CCCPS119a,2803,26.14754061,91.72797041,1240,car,high,9,1,30-10-2016,14:32:00
10944,Others-CCCPS119a,2803,26.14754061,91.72797041,1232,cycle,average,5,1,30-10-2016,15:00:00
10945,Others-CCCPS119a,2803,26.14754061,91.72797041,1186,car,low,4,1,30-10-2016,15:32:00
10946,Others-CCCPS119a,2803,26.14754061,91.72797041,132,car,low,1,0,31-10-2016,08:00:00
10947,Others-CCCPS119a,2803,26.14754061,91.72797041,186,cycle,low,2,0,31-10-2016,08:26:00
10948,Others-CCCPS119a,2803,26.14754061,91.72797041,252,truck,low,2,0,31-10-2016,09:00:00
10949,Others-CCCPS119a,2803,26.14754061,91.72797041,294,car,low,3,0,31-10-2016,09:26:00
10950,Others-CCCPS119a,2803,26.14754061,91.72797041,353,bike,low,3,0,31-10-2016,10:00:00
10951,Others-CCCPS119a,2803,26.14754061,91.72797041,390,car,low,3,0,31-10-2016,10:26:00
10952,Others-CCCPS119a,2803,26.14754061,91.72797041,421,car,average,5,0,31-10-2016,11:00:00
10953,Others-CCCPS119a,2803,26.14754061,91.72797041,441,bike,average,5,0,31-10-2016,11:26:00
10954,Others-CCCPS119a,2803,26.14754061,91.72797041,469,bike,high,8,0,31-10-2016,12:00:00
10955,Others-CCCPS119a,2803,26.14754061,91.72797041,474,car,high,8,0,31-10-2016,12:26:00
10956,Others-CCCPS119a,2803,26.14754061,91.72797041,484,car,high,7,0,31-10-2016,13:00:00
10957,Others-CCCPS119a,2803,26.14754061,91.72797041,486,bike,high,8,0,31-10-2016,13:26:00
10958,Others-CCCPS119a,2803,26.14754061,91.72797041,482,car,high,8,0,31-10-2016,13:59:00
10959,Others-CCCPS119a,2803,26.14754061,91.72797041,458,car,average,4,0,31-10-2016,14:26:00
10960,Others-CCCPS119a,2803,26.14754061,91.72797041,413,car,high,3,0,31-10-2016,15:00:00
10961,Others-CCCPS119a,2803,26.14754061,91.72797041,379,car,low,2,0,31-10-2016,15:27:00
10962,Others-CCCPS119a,2803,26.14754061,91.72797041,353,car,low,2,0,31-10-2016,16:00:00
10963,Others-CCCPS119a,2803,26.14754061,91.72797041,301,car,low,2,0,31-10-2016,16:26:00
10964,Others-CCCPS119a,2803,26.14754061,91.72797041,180,car,low,2,0,01-11-2016,08:06:00
10965,Others-CCCPS119a,2803,26.14754061,91.72797041,219,car,low,2,0,01-11-2016,08:26:00
10966,Others-CCCPS119a,2803,26.14754061,91.72797041,295,car,low,2,0,01-11-2016,09:00:00
10967,Others-CCCPS119a,2803,26.14754061,91.72797041,351,car,low,2,0,01-11-2016,09:26:00
10968,Others-CCCPS119a,2803,26.14754061,91.72797041,406,cycle,low,3,0,01-11-2016,10:00:00
10969,Others-CCCPS119a,2803,26.14754061,91.72797041,437,cycle,low,3,0,01-11-2016,10:26:00
10970,Others-CCCPS119a,2803,26.14754061,91.72797041,481,cycle,average,5,0,01-11-2016,11:00:00
10971,Others-CCCPS119a,2803,26.14754061,91.72797041,500,car,average,5,0,01-11-2016,11:26:00
10972,Others-CCCPS119a,2803,26.14754061,91.72797041,520,car,high,9,0,01-11-2016,12:00:00
10973,Others-CCCPS119a,2803,26.14754061,91.72797041,517,car,high,8,0,01-11-2016,12:26:00
10974,Others-CCCPS119a,2803,26.14754061,91.72797041,549,bike,high,7,0,01-11-2016,13:00:00
10975,Others-CCCPS119a,2803,26.14754061,91.72797041,541,car,high,8,0,01-11-2016,13:26:00
10976,Others-CCCPS119a,2803,26.14754061,91.72797041,529,bike,average,4,0,01-11-2016,14:00:00
10977,Others-CCCPS119a,2803,26.14754061,91.72797041,507,car,average,4,0,01-11-2016,14:26:00
10978,Others-CCCPS119a,2803,26.14754061,91.72797041,469,car,average,3,0,01-11-2016,15:00:00
10979,Others-CCCPS119a,2803,26.14754061,91.72797041,448,bike,low,3,0,01-11-2016,15:27:00
10980,Others-CCCPS119a,2803,26.14754061,91.72797041,420,truck,low,1,0,01-11-2016,16:00:00
10981,Others-CCCPS119a,2803,26.14754061,91.72797041,374,car,average,3,0,01-11-2016,16:33:00
10982,Others-CCCPS119a,2803,26.14754061,91.72797041,161,car,low,1,0,02-11-2016,07:56:00
10983,Others-CCCPS119a,2803,26.14754061,91.72797041,234,bike,low,2,0,02-11-2016,08:30:00
10984,Others-CCCPS119a,2803,26.14754061,91.72797041,302,bike,low,2,0,02-11-2016,08:56:00
10985,Others-CCCPS119a,2803,26.14754061,91.72797041,384,car,low,2,0,02-11-2016,09:30:00
10986,Others-CCCPS119a,2803,26.14754061,91.72797041,431,car,low,3,0,02-11-2016,09:56:00
10987,Others-CCCPS119a,2803,26.14754061,91.72797041,477,car,low,3,0,02-11-2016,10:29:00
10988,Others-CCCPS119a,2803,26.14754061,91.72797041,502,car,high,6,0,02-11-2016,10:56:00
10989,Others-CCCPS119a,2803,26.14754061,91.72797041,530,car,average,6,0,02-11-2016,11:30:00
10990,Others-CCCPS119a,2803,26.14754061,91.72797041,544,car,average,5,0,02-11-2016,11:56:00
10991,Others-CCCPS119a,2803,26.14754061,91.72797041,546,car,high,9,0,02-11-2016,12:30:00
10992,Others-CCCPS119a,2803,26.14754061,91.72797041,555,car,high,7,0,02-11-2016,13:03:00
10993,Others-CCCPS119a,2803,26.14754061,91.72797041,537,car,high,7,0,02-11-2016,13:30:00
10994,Others-CCCPS119a,2803,26.14754061,91.72797041,550,truck,average,4,0,02-11-2016,14:03:00
10995,Others-CCCPS119a,2803,26.14754061,91.72797041,553,cycle,average,4,0,02-11-2016,14:30:00
10996,Others-CCCPS119a,2803,26.14754061,91.72797041,544,cycle,average,4,0,02-11-2016,14:56:00
10997,Others-CCCPS119a,2803,26.14754061,91.72797041,506,bike,average,4,0,02-11-2016,15:29:00
10998,Others-CCCPS119a,2803,26.14754061,91.72797041,481,car,low,2,0,02-11-2016,16:03:00
10999,Others-CCCPS119a,2803,26.14754061,91.72797041,450,car,low,2,0,02-11-2016,16:30:00
11000,Others-CCCPS119a,2803,26.14754061,91.72797041,198,car,low,1,0,03-11-2016,08:00:00
11001,Others-CCCPS119a,2803,26.14754061,91.72797041,250,bike,low,2,0,03-11-2016,08:26:00
11002,Others-CCCPS119a,2803,26.14754061,91.72797041,345,car,low,3,0,03-11-2016,09:00:00
11003,Others-CCCPS119a,2803,26.14754061,91.72797041,390,car,low,3,0,03-11-2016,09:26:00
11004,Others-CCCPS119a,2803,26.14754061,91.72797041,455,truck,low,4,0,03-11-2016,10:00:00
11005,Others-CCCPS119a,2803,26.14754061,91.72797041,483,car,average,4,0,03-11-2016,10:26:00
11006,Others-CCCPS119a,2803,26.14754061,91.72797041,523,car,average,5,0,03-11-2016,11:00:00
11007,Others-CCCPS119a,2803,26.14754061,91.72797041,540,bike,average,5,0,03-11-2016,11:26:00
11008,Others-CCCPS119a,2803,26.14754061,91.72797041,553,cycle,high,8,0,03-11-2016,12:00:00
11009,Others-CCCPS119a,2803,26.14754061,91.72797041,556,car,high,8,0,03-11-2016,12:26:00
11010,Others-CCCPS119a,2803,26.14754061,91.72797041,570,car,high,8,0,03-11-2016,12:59:00
11011,Others-CCCPS119a,2803,26.14754061,91.72797041,584,cycle,high,8,0,03-11-2016,13:26:00
11012,Others-CCCPS119a,2803,26.14754061,91.72797041,576,bike,average,5,0,03-11-2016,13:59:00
11013,Others-CCCPS119a,2803,26.14754061,91.72797041,551,car,high,6,0,03-11-2016,14:26:00
11014,Others-CCCPS119a,2803,26.14754061,91.72797041,522,bike,average,3,0,03-11-2016,15:00:00
11015,Others-CCCPS119a,2803,26.14754061,91.72797041,502,car,low,3,0,03-11-2016,15:26:00
11016,Others-CCCPS119a,2803,26.14754061,91.72797041,473,bike,low,2,0,03-11-2016,16:03:00
11017,Others-CCCPS119a,2803,26.14754061,91.72797041,437,car,low,2,0,03-11-2016,16:30:00
11018,Others-CCCPS119a,2803,26.14754061,91.72797041,175,car,low,1,0,04-11-2016,08:00:00
11019,Others-CCCPS119a,2803,26.14754061,91.72797041,240,cycle,average,3,0,04-11-2016,08:26:00
11020,Others-CCCPS119a,2803,26.14754061,91.72797041,316,cycle,low,2,0,04-11-2016,08:59:00
11021,Others-CCCPS119a,2803,26.14754061,91.72797041,360,car,average,2,0,04-11-2016,09:33:00
11022,Others-CCCPS119a,2803,26.14754061,91.72797041,396,car,low,3,0,04-11-2016,10:00:00
11023,Others-CCCPS119a,2803,26.14754061,91.72797041,435,bike,low,4,0,04-11-2016,10:26:00
11024,Others-CCCPS119a,2803,26.14754061,91.72797041,471,car,average,5,0,04-11-2016,11:00:00
11025,Others-CCCPS119a,2803,26.14754061,91.72797041,501,car,high,8,0,04-11-2016,11:33:00
11026,Others-CCCPS119a,2803,26.14754061,91.72797041,533,car,average,6,0,04-11-2016,12:00:00
11027,Others-CCCPS119a,2803,26.14754061,91.72797041,533,bike,high,8,0,04-11-2016,12:33:00
11028,Others-CCCPS119a,2803,26.14754061,91.72797041,537,bike,high,8,0,04-11-2016,13:00:00
11029,Others-CCCPS119a,2803,26.14754061,91.72797041,528,cycle,average,5,0,04-11-2016,13:26:00
11030,Others-CCCPS119a,2803,26.14754061,91.72797041,536,car,average,5,0,04-11-2016,13:59:00
11031,Others-CCCPS119a,2803,26.14754061,91.72797041,508,car,high,6,0,04-11-2016,14:26:00
11032,Others-CCCPS119a,2803,26.14754061,91.72797041,470,truck,average,3,0,04-11-2016,15:00:00
11033,Others-CCCPS119a,2803,26.14754061,91.72797041,441,truck,low,3,0,04-11-2016,15:26:00
11034,Others-CCCPS119a,2803,26.14754061,91.72797041,426,cycle,average,2,0,04-11-2016,16:00:00
11035,Others-CCCPS119a,2803,26.14754061,91.72797041,428,truck,low,2,0,04-11-2016,16:26:00
11036,Others-CCCPS119a,2803,26.14754061,91.72797041,51,truck,low,1,0,05-11-2016,08:00:00
11037,Others-CCCPS119a,2803,26.14754061,91.72797041,61,car,low,1,0,05-11-2016,08:26:00
11038,Others-CCCPS119a,2803,26.14754061,91.72797041,93,car,low,2,0,05-11-2016,08:59:00
11039,Others-CCCPS119a,2803,26.14754061,91.72797041,122,car,low,2,0,05-11-2016,09:26:00
11040,Others-CCCPS119a,2803,26.14754061,91.72797041,183,bike,low,2,0,05-11-2016,09:59:00
11041,Others-CCCPS119a,2803,26.14754061,91.72797041,239,car,average,3,0,05-11-2016,10:33:00
11042,Others-CCCPS119a,2803,26.14754061,91.72797041,269,car,average,4,0,05-11-2016,10:59:00
11043,Others-CCCPS119a,2803,26.14754061,91.72797041,314,bike,average,5,0,05-11-2016,11:26:00
11044,Others-CCCPS119a,2803,26.14754061,91.72797041,376,car,high,8,0,05-11-2016,12:06:00
11045,Others-CCCPS119a,2803,26.14754061,91.72797041,378,car,high,8,0,05-11-2016,12:26:00
11046,Others-CCCPS119a,2803,26.14754061,91.72797041,417,car,high,8,0,05-11-2016,13:00:00
11047,Others-CCCPS119a,2803,26.14754061,91.72797041,448,cycle,high,7,0,05-11-2016,13:33:00
11048,Others-CCCPS119a,2803,26.14754061,91.72797041,464,bike,average,5,0,05-11-2016,13:59:00
11049,Others-CCCPS119a,2803,26.14754061,91.72797041,457,bike,average,5,0,05-11-2016,14:26:00
11050,Others-CCCPS119a,2803,26.14754061,91.72797041,438,bike,average,4,0,05-11-2016,15:00:00
11051,Others-CCCPS119a,2803,26.14754061,91.72797041,422,car,average,2,0,05-11-2016,15:26:00
11052,Others-CCCPS119a,2803,26.14754061,91.72797041,400,car,low,2,0,05-11-2016,16:00:00
11053,Others-CCCPS119a,2803,26.14754061,91.72797041,352,car,average,2,0,05-11-2016,16:26:00
11054,Others-CCCPS119a,2803,26.14754061,91.72797041,59,car,low,2,1,06-11-2016,08:00:00
11055,Others-CCCPS119a,2803,26.14754061,91.72797041,61,cycle,low,2,1,06-11-2016,08:26:00
11056,Others-CCCPS119a,2803,26.14754061,91.72797041,71,car,low,2,1,06-11-2016,09:00:00
11057,Others-CCCPS119a,2803,26.14754061,91.72797041,83,car,low,2,1,06-11-2016,09:33:00
11058,Others-CCCPS119a,2803,26.14754061,91.72797041,112,bike,low,3,1,06-11-2016,10:00:00
11059,Others-CCCPS119a,2803,26.14754061,91.72797041,166,car,low,4,1,06-11-2016,10:26:00
11060,Others-CCCPS119a,2803,26.14754061,91.72797041,248,car,average,5,1,06-11-2016,10:59:00
11061,Others-CCCPS119a,2803,26.14754061,91.72797041,297,car,average,7,1,06-11-2016,11:26:00
11062,Others-CCCPS119a,2803,26.14754061,91.72797041,351,car,average,6,1,06-11-2016,11:59:00
11063,Others-CCCPS119a,2803,26.14754061,91.72797041,368,truck,average,8,1,06-11-2016,12:26:00
11064,Others-CCCPS119a,2803,26.14754061,91.72797041,424,car,high,11,1,06-11-2016,13:06:00
11065,Others-CCCPS119a,2803,26.14754061,91.72797041,427,car,high,10,1,06-11-2016,13:26:00
11066,Others-CCCPS119a,2803,26.14754061,91.72797041,444,car,average,7,1,06-11-2016,13:59:00
11067,Others-CCCPS119a,2803,26.14754061,91.72797041,439,car,average,6,1,06-11-2016,14:33:00
11068,Others-CCCPS119a,2803,26.14754061,91.72797041,431,car,average,5,1,06-11-2016,15:00:00
11069,Others-CCCPS119a,2803,26.14754061,91.72797041,419,car,low,4,1,06-11-2016,15:26:00
11070,Others-CCCPS119a,2803,26.14754061,91.72797041,390,bike,low,3,1,06-11-2016,15:59:00
11071,Others-CCCPS119a,2803,26.14754061,91.72797041,345,car,low,2,1,06-11-2016,16:26:00
11072,Others-CCCPS119a,2803,26.14754061,91.72797041,140,car,low,1,0,07-11-2016,08:00:00
11073,Others-CCCPS119a,2803,26.14754061,91.72797041,199,car,low,2,0,07-11-2016,08:26:00
11074,Others-CCCPS119a,2803,26.14754061,91.72797041,288,car,low,2,0,07-11-2016,08:59:00
11075,Others-CCCPS119a,2803,26.14754061,91.72797041,356,bike,low,2,0,07-11-2016,09:26:00
11076,Others-CCCPS119a,2803,26.14754061,91.72797041,430,car,low,2,0,07-11-2016,09:59:00
11077,Others-CCCPS119a,2803,26.14754061,91.72797041,496,car,low,3,0,07-11-2016,10:26:00
11078,Others-CCCPS119a,2803,26.14754061,91.72797041,537,bike,average,4,0,07-11-2016,10:59:00
11079,Others-CCCPS119a,2803,26.14754061,91.72797041,552,bike,average,6,0,07-11-2016,11:26:00
11080,Others-CCCPS119a,2803,26.14754061,91.72797041,565,car,average,6,0,07-11-2016,11:59:00
11081,Others-CCCPS119a,2803,26.14754061,91.72797041,563,car,average,7,0,07-11-2016,12:26:00
11082,Others-CCCPS119a,2803,26.14754061,91.72797041,550,car,high,9,0,07-11-2016,12:59:00
11083,Others-CCCPS119a,2803,26.14754061,91.72797041,563,cycle,high,7,0,07-11-2016,13:33:00
11084,Others-CCCPS119a,2803,26.14754061,91.72797041,572,car,average,6,0,07-11-2016,13:59:00
11085,Others-CCCPS119a,2803,26.14754061,91.72797041,537,cycle,high,6,0,07-11-2016,14:33:00
11086,Others-CCCPS119a,2803,26.14754061,91.72797041,516,cycle,average,3,0,07-11-2016,15:00:00
11087,Others-CCCPS119a,2803,26.14754061,91.72797041,475,car,average,3,0,07-11-2016,15:33:00
11088,Others-CCCPS119a,2803,26.14754061,91.72797041,422,cycle,low,1,0,07-11-2016,16:00:00
11089,Others-CCCPS119a,2803,26.14754061,91.72797041,375,cycle,low,2,0,07-11-2016,16:33:00
11090,Others-CCCPS119a,2803,26.14754061,91.72797041,202,car,low,2,0,08-11-2016,07:59:00
11091,Others-CCCPS119a,2803,26.14754061,91.72797041,264,bike,low,2,0,08-11-2016,08:26:00
11092,Others-CCCPS119a,2803,26.14754061,91.72797041,355,car,low,2,0,08-11-2016,08:59:00
11093,Others-CCCPS119a,2803,26.14754061,91.72797041,412,car,low,2,0,08-11-2016,09:26:00
11094,Others-CCCPS119a,2803,26.14754061,91.72797041,500,bike,low,2,0,08-11-2016,09:59:00
11095,Others-CCCPS119a,2803,26.14754061,91.72797041,551,bike,average,4,0,08-11-2016,10:33:00
11096,Others-CCCPS119a,2803,26.14754061,91.72797041,577,car,average,5,0,08-11-2016,11:00:00
11097,Others-CCCPS119a,2803,26.14754061,91.72797041,601,car,average,6,0,08-11-2016,11:33:00
11098,Others-CCCPS119a,2803,26.14754061,91.72797041,624,car,high,8,0,08-11-2016,11:59:00
11099,Others-CCCPS119a,2803,26.14754061,91.72797041,616,bike,high,8,0,08-11-2016,12:27:00
11100,Others-CCCPS119a,2803,26.14754061,91.72797041,622,car,high,8,0,08-11-2016,13:00:00
11101,Others-CCCPS119a,2803,26.14754061,91.72797041,625,car,high,7,0,08-11-2016,13:34:00
11102,Others-CCCPS119a,2803,26.14754061,91.72797041,629,car,high,6,0,08-11-2016,14:00:00
11103,Others-CCCPS119a,2803,26.14754061,91.72797041,598,bike,average,4,0,08-11-2016,14:26:00
11104,Others-CCCPS119a,2803,26.14754061,91.72797041,579,truck,average,3,0,08-11-2016,15:00:00
11105,Others-CCCPS119a,2803,26.14754061,91.72797041,546,car,low,2,0,08-11-2016,15:33:00
11106,Others-CCCPS119a,2803,26.14754061,91.72797041,511,truck,low,2,0,08-11-2016,16:01:00
11107,Others-CCCPS119a,2803,26.14754061,91.72797041,488,truck,low,2,0,08-11-2016,16:34:00
11108,Others-CCCPS119a,2803,26.14754061,91.72797041,206,car,average,2,0,09-11-2016,08:00:00
11109,Others-CCCPS119a,2803,26.14754061,91.72797041,253,car,low,1,0,09-11-2016,08:27:00
11110,Others-CCCPS119a,2803,26.14754061,91.72797041,342,truck,average,3,0,09-11-2016,09:00:00
11111,Others-CCCPS119a,2803,26.14754061,91.72797041,422,bike,low,3,0,09-11-2016,09:34:00
11112,Others-CCCPS119a,2803,26.14754061,91.72797041,460,car,average,4,0,09-11-2016,10:00:00
11113,Others-CCCPS119a,2803,26.14754061,91.72797041,497,truck,low,3,0,09-11-2016,10:27:00
11114,Others-CCCPS119a,2803,26.14754061,91.72797041,525,cycle,average,5,0,09-11-2016,11:00:00
11115,Others-CCCPS119a,2803,26.14754061,91.72797041,559,car,average,6,0,09-11-2016,11:27:00
11116,Others-CCCPS119a,2803,26.14754061,91.72797041,585,truck,average,6,0,09-11-2016,12:00:00
11117,Others-CCCPS119a,2803,26.14754061,91.72797041,583,bike,high,8,0,09-11-2016,12:27:00
11118,Others-CCCPS119a,2803,26.14754061,91.72797041,580,bike,high,8,0,09-11-2016,13:00:00
11119,Others-CCCPS119a,2803,26.14754061,91.72797041,580,cycle,high,8,0,09-11-2016,13:27:00
11120,Others-CCCPS119a,2803,26.14754061,91.72797041,566,car,average,4,0,09-11-2016,14:00:00
11121,Others-CCCPS119a,2803,26.14754061,91.72797041,555,truck,average,4,0,09-11-2016,14:27:00
11122,Others-CCCPS119a,2803,26.14754061,91.72797041,543,bike,average,3,0,09-11-2016,15:00:00
11123,Others-CCCPS119a,2803,26.14754061,91.72797041,519,car,low,3,0,09-11-2016,15:34:00
11124,Others-CCCPS119a,2803,26.14754061,91.72797041,501,car,low,2,0,09-11-2016,16:00:00
11125,Others-CCCPS119a,2803,26.14754061,91.72797041,438,bike,low,2,0,09-11-2016,16:34:00
11126,Others-CCCPS119a,2803,26.14754061,91.72797041,189,car,average,2,0,10-11-2016,08:00:00
11127,Others-CCCPS119a,2803,26.14754061,91.72797041,281,cycle,low,1,0,10-11-2016,08:34:00
11128,Others-CCCPS119a,2803,26.14754061,91.72797041,362,car,low,2,0,10-11-2016,09:00:00
11129,Others-CCCPS119a,2803,26.14754061,91.72797041,435,car,average,3,0,10-11-2016,09:27:00
11130,Others-CCCPS119a,2803,26.14754061,91.72797041,520,truck,low,3,0,10-11-2016,10:00:00
11131,Others-CCCPS119a,2803,26.14754061,91.72797041,554,car,low,3,0,10-11-2016,10:27:00
11132,Others-CCCPS119a,2803,26.14754061,91.72797041,585,car,average,6,0,10-11-2016,11:00:00
11133,Others-CCCPS119a,2803,26.14754061,91.72797041,601,bike,average,6,0,10-11-2016,11:27:00
11134,Others-CCCPS119a,2803,26.14754061,91.72797041,633,truck,average,6,0,10-11-2016,12:00:00
11135,Others-CCCPS119a,2803,26.14754061,91.72797041,640,bike,high,8,0,10-11-2016,12:27:00
11136,Others-CCCPS119a,2803,26.14754061,91.72797041,620,car,high,7,0,10-11-2016,13:00:00
11137,Others-CCCPS119a,2803,26.14754061,91.72797041,614,car,high,7,0,10-11-2016,13:34:00
11138,Others-CCCPS119a,2803,26.14754061,91.72797041,587,car,average,4,0,10-11-2016,14:00:00
11139,Others-CCCPS119a,2803,26.14754061,91.72797041,554,car,average,4,0,10-11-2016,14:27:00
11140,Others-CCCPS119a,2803,26.14754061,91.72797041,523,bike,average,3,0,10-11-2016,15:00:00
11141,Others-CCCPS119a,2803,26.14754061,91.72797041,499,bike,low,3,0,10-11-2016,15:27:00
11142,Others-CCCPS119a,2803,26.14754061,91.72797041,461,truck,low,2,0,10-11-2016,16:00:00
11143,Others-CCCPS119a,2803,26.14754061,91.72797041,409,car,low,2,0,10-11-2016,16:27:00
11144,Others-CCCPS119a,2803,26.14754061,91.72797041,137,car,low,2,0,11-11-2016,08:00:00
11145,Others-CCCPS119a,2803,26.14754061,91.72797041,196,car,low,2,0,11-11-2016,08:27:00
11146,Others-CCCPS119a,2803,26.14754061,91.72797041,265,car,low,2,0,11-11-2016,09:00:00
11147,Others-CCCPS119a,2803,26.14754061,91.72797041,308,car,low,2,0,11-11-2016,09:27:00
11148,Others-CCCPS119a,2803,26.14754061,91.72797041,357,car,low,3,0,11-11-2016,10:00:00
11149,Others-CCCPS119a,2803,26.14754061,91.72797041,397,truck,low,3,0,11-11-2016,10:27:00
11150,Others-CCCPS119a,2803,26.14754061,91.72797041,444,bike,average,5,0,11-11-2016,11:00:00
11151,Others-CCCPS119a,2803,26.14754061,91.72797041,486,car,average,5,0,11-11-2016,11:27:00
11152,Others-CCCPS119a,2803,26.14754061,91.72797041,502,cycle,high,8,0,11-11-2016,12:00:00
11153,Others-CCCPS119a,2803,26.14754061,91.72797041,536,car,high,8,0,11-11-2016,12:27:00
11154,Others-CCCPS119a,2803,26.14754061,91.72797041,546,truck,high,7,0,11-11-2016,13:00:00
11155,Others-CCCPS119a,2803,26.14754061,91.72797041,544,car,high,8,0,11-11-2016,13:34:00
11156,Others-CCCPS119a,2803,26.14754061,91.72797041,545,car,high,6,0,11-11-2016,14:00:00
11157,Others-CCCPS119a,2803,26.14754061,91.72797041,529,cycle,average,4,0,11-11-2016,14:27:00
11158,Others-CCCPS119a,2803,26.14754061,91.72797041,517,car,average,3,0,11-11-2016,15:00:00
11159,Others-CCCPS119a,2803,26.14754061,91.72797041,481,bike,low,3,0,11-11-2016,15:34:00
11160,Others-CCCPS119a,2803,26.14754061,91.72797041,460,car,low,2,0,11-11-2016,16:00:00
11161,Others-CCCPS119a,2803,26.14754061,91.72797041,421,car,low,2,0,11-11-2016,16:34:00
11162,Others-CCCPS119a,2803,26.14754061,91.72797041,75,car,low,1,0,12-11-2016,08:00:00
11163,Others-CCCPS119a,2803,26.14754061,91.72797041,87,truck,low,2,0,12-11-2016,08:27:00
11164,Others-CCCPS119a,2803,26.14754061,91.72797041,115,bike,low,3,0,12-11-2016,09:00:00
11165,Others-CCCPS119a,2803,26.14754061,91.72797041,154,truck,average,3,0,12-11-2016,09:27:00
11166,Others-CCCPS119a,2803,26.14754061,91.72797041,211,car,low,2,0,12-11-2016,10:00:00
11167,Others-CCCPS119a,2803,26.14754061,91.72797041,268,bike,low,3,0,12-11-2016,10:27:00
11168,Others-CCCPS119a,2803,26.14754061,91.72797041,340,bike,average,5,0,12-11-2016,11:00:00
11169,Others-CCCPS119a,2803,26.14754061,91.72797041,387,car,average,5,0,12-11-2016,11:34:00
11170,Others-CCCPS119a,2803,26.14754061,91.72797041,425,car,high,8,0,12-11-2016,12:00:00
11171,Others-CCCPS119a,2803,26.14754061,91.72797041,446,truck,high,8,0,12-11-2016,12:27:00
11172,Others-CCCPS119a,2803,26.14754061,91.72797041,480,car,high,7,0,12-11-2016,13:00:00
11173,Others-CCCPS119a,2803,26.14754061,91.72797041,503,car,high,7,0,12-11-2016,13:27:00
11174,Others-CCCPS119a,2803,26.14754061,91.72797041,508,car,average,4,0,12-11-2016,14:00:00
11175,Others-CCCPS119a,2803,26.14754061,91.72797041,516,car,average,4,0,12-11-2016,14:27:00
11176,Others-CCCPS119a,2803,26.14754061,91.72797041,504,cycle,average,3,0,12-11-2016,15:00:00
11177,Others-CCCPS119a,2803,26.14754061,91.72797041,488,bike,low,3,0,12-11-2016,15:27:00
11178,Others-CCCPS119a,2803,26.14754061,91.72797041,450,car,low,2,0,12-11-2016,16:00:00
11179,Others-CCCPS119a,2803,26.14754061,91.72797041,421,bike,low,2,0,12-11-2016,16:34:00
11180,Others-CCCPS119a,2803,26.14754061,91.72797041,103,bike,low,1,1,13-11-2016,08:00:00
11181,Others-CCCPS119a,2803,26.14754061,91.72797041,114,bike,low,2,1,13-11-2016,08:27:00
11182,Others-CCCPS119a,2803,26.14754061,91.72797041,126,car,low,3,1,13-11-2016,09:00:00
11183,Others-CCCPS119a,2803,26.14754061,91.72797041,152,car,low,3,1,13-11-2016,09:34:00
11184,Others-CCCPS119a,2803,26.14754061,91.72797041,217,bike,average,5,1,13-11-2016,10:00:00
11185,Others-CCCPS119a,2803,26.14754061,91.72797041,296,car,average,5,1,13-11-2016,10:33:00
11186,Others-CCCPS119a,2803,26.14754061,91.72797041,368,car,average,7,1,13-11-2016,11:00:00
11187,Others-CCCPS119a,2803,26.14754061,91.72797041,425,car,average,7,1,13-11-2016,11:27:00
11188,Others-CCCPS119a,2803,26.14754061,91.72797041,473,car,high,12,1,13-11-2016,12:00:00
11189,Others-CCCPS119a,2803,26.14754061,91.72797041,473,car,high,11,1,13-11-2016,12:27:00
11190,Others-CCCPS119a,2803,26.14754061,91.72797041,483,car,high,10,1,13-11-2016,13:07:00
11191,Others-CCCPS119a,2803,26.14754061,91.72797041,477,cycle,high,10,1,13-11-2016,13:33:00
11192,Others-CCCPS119a,2803,26.14754061,91.72797041,474,car,average,6,1,13-11-2016,14:00:00
11193,Others-CCCPS119a,2803,26.14754061,91.72797041,475,truck,average,6,1,13-11-2016,14:27:00
11194,Others-CCCPS119a,2803,26.14754061,91.72797041,450,bike,average,4,1,13-11-2016,15:00:00
11195,Others-CCCPS119a,2803,26.14754061,91.72797041,409,cycle,low,4,1,13-11-2016,15:27:00
11196,Others-CCCPS119a,2803,26.14754061,91.72797041,343,car,low,2,1,13-11-2016,16:00:00
11197,Others-CCCPS119a,2803,26.14754061,91.72797041,283,bike,low,3,1,13-11-2016,16:27:00
11198,Others-CCCPS119a,2803,26.14754061,91.72797041,140,car,low,2,0,14-11-2016,08:00:00
11199,Others-CCCPS119a,2803,26.14754061,91.72797041,208,bike,low,2,0,14-11-2016,08:33:00
11200,Others-CCCPS119a,2803,26.14754061,91.72797041,272,bike,low,3,0,14-11-2016,09:00:00
11201,Others-CCCPS119a,2803,26.14754061,91.72797041,314,car,low,2,0,14-11-2016,09:27:00
11202,Others-CCCPS119a,2803,26.14754061,91.72797041,369,car,low,3,0,14-11-2016,10:00:00
11203,Others-CCCPS119a,2803,26.14754061,91.72797041,412,car,low,3,0,14-11-2016,10:27:00
11204,Others-CCCPS119a,2803,26.14754061,91.72797041,457,cycle,average,6,0,14-11-2016,11:00:00
11205,Others-CCCPS119a,2803,26.14754061,91.72797041,477,bike,average,5,0,14-11-2016,11:27:00
11206,Others-CCCPS119a,2803,26.14754061,91.72797041,506,bike,high,8,0,14-11-2016,12:00:00
11207,Others-CCCPS119a,2803,26.14754061,91.72797041,525,bike,high,8,0,14-11-2016,12:27:00
11208,Others-CCCPS119a,2803,26.14754061,91.72797041,534,bike,high,8,0,14-11-2016,13:00:00
11209,Others-CCCPS119a,2803,26.14754061,91.72797041,547,bike,high,8,0,14-11-2016,13:27:00
11210,Others-CCCPS119a,2803,26.14754061,91.72797041,546,truck,average,5,0,14-11-2016,14:00:00
11211,Others-CCCPS119a,2803,26.14754061,91.72797041,526,bike,high,6,0,14-11-2016,14:33:00
11212,Others-CCCPS119a,2803,26.14754061,91.72797041,498,car,average,3,0,14-11-2016,15:00:00
11213,Others-CCCPS119a,2803,26.14754061,91.72797041,456,car,low,3,0,14-11-2016,15:27:00
11214,Others-CCCPS119a,2803,26.14754061,91.72797041,414,car,low,2,0,14-11-2016,16:00:00
11215,Others-CCCPS119a,2803,26.14754061,91.72797041,385,cycle,low,2,0,14-11-2016,16:27:00
11216,Others-CCCPS119a,2803,26.14754061,91.72797041,219,car,low,2,0,15-11-2016,07:57:00
11217,Others-CCCPS119a,2803,26.14754061,91.72797041,311,car,low,2,0,15-11-2016,08:30:00
11218,Others-CCCPS119a,2803,26.14754061,91.72797041,376,car,average,3,0,15-11-2016,08:57:00
11219,Others-CCCPS119a,2803,26.14754061,91.72797041,455,bike,low,2,0,15-11-2016,09:30:00
11220,Others-CCCPS119a,2803,26.14754061,91.72797041,526,car,low,2,0,15-11-2016,09:57:00
11221,Others-CCCPS119a,2803,26.14754061,91.72797041,611,bike,average,4,0,15-11-2016,10:30:00
11222,Others-CCCPS119a,2803,26.14754061,91.72797041,645,car,average,5,0,15-11-2016,11:03:00
11223,Others-CCCPS119a,2803,26.14754061,91.72797041,629,bike,average,5,0,15-11-2016,11:30:00
11224,Others-CCCPS119a,2803,26.14754061,91.72797041,640,car,average,6,0,15-11-2016,11:57:00
11225,Others-CCCPS119a,2803,26.14754061,91.72797041,637,car,high,8,0,15-11-2016,12:30:00
11226,Others-CCCPS119a,2803,26.14754061,91.72797041,635,car,high,9,0,15-11-2016,12:57:00
11227,Others-CCCPS119a,2803,26.14754061,91.72797041,637,truck,high,8,0,15-11-2016,13:30:00
11228,Others-CCCPS119a,2803,26.14754061,91.72797041,641,cycle,high,6,0,15-11-2016,14:03:00
11229,Others-CCCPS119a,2803,26.14754061,91.72797041,623,car,average,4,0,15-11-2016,14:30:00
11230,Others-CCCPS119a,2803,26.14754061,91.72797041,595,bike,low,3,0,15-11-2016,15:03:00
11231,Others-CCCPS119a,2803,26.14754061,91.72797041,546,car,low,2,0,15-11-2016,15:30:00
11232,Others-CCCPS119a,2803,26.14754061,91.72797041,521,bike,low,3,0,15-11-2016,15:57:00
11233,Others-CCCPS119a,2803,26.14754061,91.72797041,459,car,average,3,0,15-11-2016,16:30:00
11234,Others-CCCPS119a,2803,26.14754061,91.72797041,286,truck,low,2,0,16-11-2016,08:00:00
11235,Others-CCCPS119a,2803,26.14754061,91.72797041,355,car,low,2,0,16-11-2016,08:27:00
11236,Others-CCCPS119a,2803,26.14754061,91.72797041,454,car,low,2,0,16-11-2016,09:00:00
11237,Others-CCCPS119a,2803,26.14754061,91.72797041,494,cycle,low,2,0,16-11-2016,09:27:00
11238,Others-CCCPS119a,2803,26.14754061,91.72797041,549,bike,average,4,0,16-11-2016,10:00:00
11239,Others-CCCPS119a,2803,26.14754061,91.72797041,585,cycle,high,6,0,16-11-2016,10:33:00
11240,Others-CCCPS119a,2803,26.14754061,91.72797041,595,car,average,5,0,16-11-2016,11:00:00
11241,Others-CCCPS119a,2803,26.14754061,91.72797041,610,car,average,6,0,16-11-2016,11:27:00
11242,Others-CCCPS119a,2803,26.14754061,91.72797041,619,bike,high,8,0,16-11-2016,12:00:00
11243,Others-CCCPS119a,2803,26.14754061,91.72797041,626,car,high,9,0,16-11-2016,12:27:00
11244,Others-CCCPS119a,2803,26.14754061,91.72797041,629,car,average,6,0,16-11-2016,13:00:00
11245,Others-CCCPS119a,2803,26.14754061,91.72797041,621,car,high,8,0,16-11-2016,13:27:00
11246,Others-CCCPS119a,2803,26.14754061,91.72797041,618,car,high,6,0,16-11-2016,14:00:00
11247,Others-CCCPS119a,2803,26.14754061,91.72797041,597,truck,average,4,0,16-11-2016,14:27:00
11248,Others-CCCPS119a,2803,26.14754061,91.72797041,575,car,average,4,0,16-11-2016,15:00:00
11249,Others-CCCPS119a,2803,26.14754061,91.72797041,538,car,low,2,0,16-11-2016,15:33:00
11250,Others-CCCPS119a,2803,26.14754061,91.72797041,513,bike,average,3,0,16-11-2016,16:00:00
11251,Others-CCCPS119a,2803,26.14754061,91.72797041,445,car,low,2,0,16-11-2016,16:33:00
11252,Others-CCCPS119a,2803,26.14754061,91.72797041,198,car,low,1,0,17-11-2016,08:04:00
11253,Others-CCCPS119a,2803,26.14754061,91.72797041,259,car,low,2,0,17-11-2016,08:31:00
11254,Others-CCCPS119a,2803,26.14754061,91.72797041,349,car,low,2,0,17-11-2016,09:03:00
11255,Others-CCCPS119a,2803,26.14754061,91.72797041,411,car,low,3,0,17-11-2016,09:31:00
11256,Others-CCCPS119a,2803,26.14754061,91.72797041,530,car,low,2,0,17-11-2016,09:57:00
11257,Others-CCCPS119a,2803,26.14754061,91.72797041,594,car,high,6,0,17-11-2016,10:31:00
11258,Others-CCCPS119a,2803,26.14754061,91.72797041,639,car,average,5,0,17-11-2016,11:04:00
11259,Others-CCCPS119a,2803,26.14754061,91.72797041,661,car,average,5,0,17-11-2016,11:31:00
11260,Others-CCCPS119a,2803,26.14754061,91.72797041,662,bike,high,8,0,17-11-2016,12:04:00
11261,Others-CCCPS119a,2803,26.14754061,91.72797041,667,car,high,8,0,17-11-2016,12:31:00
11262,Others-CCCPS119a,2803,26.14754061,91.72797041,662,bike,high,8,0,17-11-2016,13:04:00
11263,Others-CCCPS119a,2803,26.14754061,91.72797041,657,cycle,high,7,0,17-11-2016,13:31:00
11264,Others-CCCPS119a,2803,26.14754061,91.72797041,638,car,high,6,0,17-11-2016,14:04:00
11265,Others-CCCPS119a,2803,26.14754061,91.72797041,604,car,average,5,0,17-11-2016,14:30:00
11266,Others-CCCPS119a,2803,26.14754061,91.72797041,594,bike,average,4,0,17-11-2016,14:58:00
11267,Others-CCCPS119a,2803,26.14754061,91.72797041,551,car,low,3,0,17-11-2016,15:30:00
11268,Others-CCCPS119a,2803,26.14754061,91.72797041,518,car,low,3,0,17-11-2016,15:58:00
11269,Others-CCCPS119a,2803,26.14754061,91.72797041,467,car,average,3,0,17-11-2016,16:31:00
11270,Others-CCCPS119a,2803,26.14754061,91.72797041,197,car,low,2,0,18-11-2016,08:01:00
11271,Others-CCCPS119a,2803,26.14754061,91.72797041,197,truck,low,2,0,18-11-2016,08:01:00
11272,Others-CCCPS119a,2803,26.14754061,91.72797041,256,car,low,2,0,18-11-2016,08:27:00
11273,Others-CCCPS119a,2803,26.14754061,91.72797041,387,bike,low,3,0,18-11-2016,09:27:00
11274,Others-CCCPS119a,2803,26.14754061,91.72797041,440,car,low,3,0,18-11-2016,10:01:00
11275,Others-CCCPS119a,2803,26.14754061,91.72797041,474,cycle,low,4,0,18-11-2016,10:27:00
11276,Others-CCCPS119a,2803,26.14754061,91.72797041,531,car,average,6,0,18-11-2016,11:01:00
11277,Others-CCCPS119a,2803,26.14754061,91.72797041,572,truck,high,8,0,18-11-2016,11:34:00
11278,Others-CCCPS119a,2803,26.14754061,91.72797041,604,car,high,9,0,18-11-2016,12:01:00
11279,Others-CCCPS119a,2803,26.14754061,91.72797041,656,car,high,8,0,18-11-2016,12:27:00
11280,Others-CCCPS119a,2803,26.14754061,91.72797041,645,car,high,8,0,18-11-2016,13:01:00
11281,Others-CCCPS119a,2803,26.14754061,91.72797041,656,bike,high,8,0,18-11-2016,13:34:00
11282,Others-CCCPS119a,2803,26.14754061,91.72797041,639,bike,high,6,0,18-11-2016,14:01:00
11283,Others-CCCPS119a,2803,26.14754061,91.72797041,628,car,average,4,0,18-11-2016,14:28:00
11284,Others-CCCPS119a,2803,26.14754061,91.72797041,605,car,low,2,0,18-11-2016,15:01:00
11285,Others-CCCPS119a,2803,26.14754061,91.72797041,576,cycle,low,2,0,18-11-2016,15:28:00
11286,Others-CCCPS119a,2803,26.14754061,91.72797041,554,bike,low,2,0,18-11-2016,16:01:00
11287,Others-CCCPS119a,2803,26.14754061,91.72797041,529,car,low,2,0,18-11-2016,16:28:00
11288,Others-CCCPS119a,2803,26.14754061,91.72797041,110,car,low,1,0,19-11-2016,07:57:00
11289,Others-CCCPS119a,2803,26.14754061,91.72797041,124,bike,low,2,0,19-11-2016,08:31:00
11290,Others-CCCPS119a,2803,26.14754061,91.72797041,163,bike,low,2,0,19-11-2016,08:57:00
11291,Others-CCCPS119a,2803,26.14754061,91.72797041,216,bike,low,2,0,19-11-2016,09:31:00
11292,Others-CCCPS119a,2803,26.14754061,91.72797041,290,truck,low,3,0,19-11-2016,10:04:00
11293,Others-CCCPS119a,2803,26.14754061,91.72797041,342,car,average,4,0,19-11-2016,10:31:00
11294,Others-CCCPS119a,2803,26.14754061,91.72797041,400,bike,average,3,0,19-11-2016,10:58:00
11295,Others-CCCPS119a,2803,26.14754061,91.72797041,479,car,average,5,0,19-11-2016,11:31:00
11296,Others-CCCPS119a,2803,26.14754061,91.72797041,540,car,average,6,0,19-11-2016,12:04:00
11297,Others-CCCPS119a,2803,26.14754061,91.72797041,545,car,average,6,0,19-11-2016,12:31:00
11298,Others-CCCPS119a,2803,26.14754061,91.72797041,546,bike,high,7,0,19-11-2016,13:04:00
11299,Others-CCCPS119a,2803,26.14754061,91.72797041,546,car,high,7,0,19-11-2016,13:31:00
11300,Others-CCCPS119a,2803,26.14754061,91.72797041,556,bike,average,4,0,19-11-2016,14:04:00
11301,Others-CCCPS119a,2803,26.14754061,91.72797041,549,bike,average,4,0,19-11-2016,14:31:00
11302,Others-CCCPS119a,2803,26.14754061,91.72797041,551,truck,low,2,0,19-11-2016,15:04:00
11303,Others-CCCPS119a,2803,26.14754061,91.72797041,568,car,low,2,0,19-11-2016,15:31:00
11304,Others-CCCPS119a,2803,26.14754061,91.72797041,585,car,low,2,0,19-11-2016,16:04:00
11305,Others-CCCPS119a,2803,26.14754061,91.72797041,611,bike,low,2,0,19-11-2016,16:31:00
11306,Others-CCCPS119a,2803,26.14754061,91.72797041,131,car,low,2,1,20-11-2016,08:01:00
11307,Others-CCCPS119a,2803,26.14754061,91.72797041,137,car,low,2,1,20-11-2016,08:27:00
11308,Others-CCCPS119a,2803,26.14754061,91.72797041,147,car,low,3,1,20-11-2016,09:01:00
11309,Others-CCCPS119a,2803,26.14754061,91.72797041,189,car,low,3,1,20-11-2016,09:27:00
11310,Others-CCCPS119a,2803,26.14754061,91.72797041,273,bike,low,4,1,20-11-2016,10:01:00
11311,Others-CCCPS119a,2803,26.14754061,91.72797041,337,car,low,4,1,20-11-2016,10:27:00
11312,Others-CCCPS119a,2803,26.14754061,91.72797041,442,cycle,average,7,1,20-11-2016,11:01:00
11313,Others-CCCPS119a,2803,26.14754061,91.72797041,519,car,average,7,1,20-11-2016,11:27:00
11314,Others-CCCPS119a,2803,26.14754061,91.72797041,622,car,high,12,1,20-11-2016,12:01:00
11315,Others-CCCPS119a,2803,26.14754061,91.72797041,714,car,high,12,1,20-11-2016,12:34:00
11316,Others-CCCPS119a,2803,26.14754061,91.72797041,843,bike,high,12,1,20-11-2016,13:07:00
11317,Others-CCCPS119a,2803,26.14754061,91.72797041,932,bike,high,12,1,20-11-2016,13:27:00
11318,Others-CCCPS119a,2803,26.14754061,91.72797041,1168,car,average,7,1,20-11-2016,14:01:00
11319,Others-CCCPS119a,2803,26.14754061,91.72797041,1340,bike,average,7,1,20-11-2016,14:27:00
11320,Others-CCCPS119a,2803,26.14754061,91.72797041,1534,car,low,4,1,20-11-2016,15:01:00
11321,Others-CCCPS119a,2803,26.14754061,91.72797041,1531,car,low,4,1,20-11-2016,15:27:00
11322,Others-CCCPS119a,2803,26.14754061,91.72797041,1485,car,low,3,1,20-11-2016,16:01:00
11323,Others-CCCPS119a,2803,26.14754061,91.72797041,1448,car,average,5,1,20-11-2016,16:31:00
11324,Others-CCCPS119a,2803,26.14754061,91.72797041,241,car,low,2,0,21-11-2016,08:04:00
11325,Others-CCCPS119a,2803,26.14754061,91.72797041,283,car,low,2,0,21-11-2016,08:31:00
11326,Others-CCCPS119a,2803,26.14754061,91.72797041,344,car,average,3,0,21-11-2016,09:04:00
11327,Others-CCCPS119a,2803,26.14754061,91.72797041,388,car,low,3,0,21-11-2016,09:31:00
11328,Others-CCCPS119a,2803,26.14754061,91.72797041,445,car,low,3,0,21-11-2016,10:04:00
11329,Others-CCCPS119a,2803,26.14754061,91.72797041,468,bike,average,4,0,21-11-2016,10:31:00
11330,Others-CCCPS119a,2803,26.14754061,91.72797041,518,cycle,average,5,0,21-11-2016,11:04:00
11331,Others-CCCPS119a,2803,26.14754061,91.72797041,552,car,average,5,0,21-11-2016,11:30:00
11332,Others-CCCPS119a,2803,26.14754061,91.72797041,575,car,average,6,0,21-11-2016,11:57:00
11333,Others-CCCPS119a,2803,26.14754061,91.72797041,592,car,high,9,0,21-11-2016,12:31:00
11334,Others-CCCPS119a,2803,26.14754061,91.72797041,615,bike,high,8,0,21-11-2016,12:57:00
11335,Others-CCCPS119a,2803,26.14754061,91.72797041,604,car,high,7,0,21-11-2016,13:31:00
11336,Others-CCCPS119a,2803,26.14754061,91.72797041,612,car,average,4,0,21-11-2016,14:04:00
11337,Others-CCCPS119a,2803,26.14754061,91.72797041,609,car,high,6,0,21-11-2016,14:31:00
11338,Others-CCCPS119a,2803,26.14754061,91.72797041,583,car,average,5,0,21-11-2016,14:57:00
11339,Others-CCCPS119a,2803,26.14754061,91.72797041,542,car,low,3,0,21-11-2016,15:31:00
11340,Others-CCCPS119a,2803,26.14754061,91.72797041,523,car,low,2,0,21-11-2016,15:57:00
11341,Others-CCCPS119a,2803,26.14754061,91.72797041,467,car,low,2,0,21-11-2016,16:31:00
11342,Others-CCCPS119a,2803,26.14754061,91.72797041,272,car,low,2,0,22-11-2016,07:57:00
11343,Others-CCCPS119a,2803,26.14754061,91.72797041,350,cycle,low,2,0,22-11-2016,08:31:00
11344,Others-CCCPS119a,2803,26.14754061,91.72797041,455,car,low,2,0,22-11-2016,09:04:00
11345,Others-CCCPS119a,2803,26.14754061,91.72797041,505,bike,low,2,0,22-11-2016,09:31:00
11346,Others-CCCPS119a,2803,26.14754061,91.72797041,565,bike,low,3,0,22-11-2016,10:04:00
11347,Others-CCCPS119a,2803,26.14754061,91.72797041,599,car,average,5,0,22-11-2016,10:31:00
11348,Others-CCCPS119a,2803,26.14754061,91.72797041,637,car,average,6,0,22-11-2016,11:04:00
11349,Others-CCCPS119a,2803,26.14754061,91.72797041,645,car,average,6,0,22-11-2016,11:31:00
11350,Others-CCCPS119a,2803,26.14754061,91.72797041,648,car,high,8,0,22-11-2016,12:04:00
11351,Others-CCCPS119a,2803,26.14754061,91.72797041,639,car,high,9,0,22-11-2016,12:31:00
11352,Others-CCCPS119a,2803,26.14754061,91.72797041,650,car,average,7,0,22-11-2016,12:57:00
11353,Others-CCCPS119a,2803,26.14754061,91.72797041,643,cycle,high,8,0,22-11-2016,13:31:00
11354,Others-CCCPS119a,2803,26.14754061,91.72797041,639,car,average,6,0,22-11-2016,13:57:00
11355,Others-CCCPS119a,2803,26.14754061,91.72797041,615,car,average,5,0,22-11-2016,14:31:00
11356,Others-CCCPS119a,2803,26.14754061,91.72797041,594,bike,average,4,0,22-11-2016,14:57:00
11357,Others-CCCPS119a,2803,26.14754061,91.72797041,564,cycle,low,3,0,22-11-2016,15:31:00
11358,Others-CCCPS119a,2803,26.14754061,91.72797041,534,car,low,2,0,22-11-2016,15:57:00
11359,Others-CCCPS119a,2803,26.14754061,91.72797041,458,car,low,2,0,22-11-2016,16:30:00
11360,Others-CCCPS119a,2803,26.14754061,91.72797041,292,car,low,2,0,23-11-2016,08:04:00
11361,Others-CCCPS119a,2803,26.14754061,91.72797041,359,cycle,low,2,0,23-11-2016,08:30:00
11362,Others-CCCPS119a,2803,26.14754061,91.72797041,436,bike,low,2,0,23-11-2016,08:57:00
11363,Others-CCCPS119a,2803,26.14754061,91.72797041,514,car,low,3,0,23-11-2016,09:31:00
11364,Others-CCCPS119a,2803,26.14754061,91.72797041,570,cycle,low,3,0,23-11-2016,10:04:00
11365,Others-CCCPS119a,2803,26.14754061,91.72797041,605,car,average,4,0,23-11-2016,10:31:00
11366,Others-CCCPS119a,2803,26.14754061,91.72797041,611,truck,high,8,0,23-11-2016,11:04:00
11367,Others-CCCPS119a,2803,26.14754061,91.72797041,614,car,average,6,0,23-11-2016,11:31:00
11368,Others-CCCPS119a,2803,26.14754061,91.72797041,614,car,average,5,0,23-11-2016,11:57:00
11369,Others-CCCPS119a,2803,26.14754061,91.72797041,622,bike,high,9,0,23-11-2016,12:31:00
11370,Others-CCCPS119a,2803,26.14754061,91.72797041,624,cycle,high,7,0,23-11-2016,13:04:00
11371,Others-CCCPS119a,2803,26.14754061,91.72797041,632,car,high,7,0,23-11-2016,13:31:00
11372,Others-CCCPS119a,2803,26.14754061,91.72797041,637,car,average,6,0,23-11-2016,13:57:00
11373,Others-CCCPS119a,2803,26.14754061,91.72797041,628,car,average,4,0,23-11-2016,14:30:00
11374,Others-CCCPS119a,2803,26.14754061,91.72797041,600,truck,low,2,0,23-11-2016,15:04:00
11375,Others-CCCPS119a,2803,26.14754061,91.72797041,579,truck,low,2,0,23-11-2016,15:31:00
11376,Others-CCCPS119a,2803,26.14754061,91.72797041,538,car,low,2,0,23-11-2016,16:04:00
11377,Others-CCCPS119a,2803,26.14754061,91.72797041,495,car,low,2,0,23-11-2016,16:30:00
11378,Others-CCCPS119a,2803,26.14754061,91.72797041,225,car,low,2,0,24-11-2016,08:00:00
11379,Others-CCCPS119a,2803,26.14754061,91.72797041,276,truck,average,2,0,24-11-2016,08:27:00
11380,Others-CCCPS119a,2803,26.14754061,91.72797041,363,car,average,3,0,24-11-2016,09:00:00
11381,Others-CCCPS119a,2803,26.14754061,91.72797041,440,car,low,2,0,24-11-2016,09:34:00
11382,Others-CCCPS119a,2803,26.14754061,91.72797041,476,truck,low,3,0,24-11-2016,10:01:00
11383,Others-CCCPS119a,2803,26.14754061,91.72797041,506,bike,low,3,0,24-11-2016,10:27:00
11384,Others-CCCPS119a,2803,26.14754061,91.72797041,546,car,average,5,0,24-11-2016,11:00:00
11385,Others-CCCPS119a,2803,26.14754061,91.72797041,566,bike,average,5,0,24-11-2016,11:27:00
11386,Others-CCCPS119a,2803,26.14754061,91.72797041,598,car,high,9,0,24-11-2016,12:00:00
11387,Others-CCCPS119a,2803,26.14754061,91.72797041,615,cycle,high,9,0,24-11-2016,12:30:00
11388,Others-CCCPS119a,2803,26.14754061,91.72797041,616,bike,high,8,0,24-11-2016,13:04:00
11389,Others-CCCPS119a,2803,26.14754061,91.72797041,614,bike,high,8,0,24-11-2016,13:30:00
11390,Others-CCCPS119a,2803,26.14754061,91.72797041,607,car,average,5,0,24-11-2016,13:57:00
11391,Others-CCCPS119a,2803,26.14754061,91.72797041,595,bike,average,4,0,24-11-2016,14:30:00
11392,Others-CCCPS119a,2803,26.14754061,91.72797041,582,bike,average,4,0,24-11-2016,14:57:00
11393,Others-CCCPS119a,2803,26.14754061,91.72797041,550,car,low,2,0,24-11-2016,15:31:00
11394,Others-CCCPS119a,2803,26.14754061,91.72797041,528,car,low,2,0,24-11-2016,15:57:00
11395,Others-CCCPS119a,2803,26.14754061,91.72797041,477,car,average,2,0,24-11-2016,16:31:00
11396,Others-CCCPS119a,2803,26.14754061,91.72797041,233,car,low,2,0,25-11-2016,08:00:00
11397,Others-CCCPS119a,2803,26.14754061,91.72797041,233,bike,low,2,0,25-11-2016,08:00:00
11398,Others-CCCPS119a,2803,26.14754061,91.72797041,363,car,low,2,0,25-11-2016,09:00:00
11399,Others-CCCPS119a,2803,26.14754061,91.72797041,424,cycle,low,2,0,25-11-2016,09:27:00
11400,Others-CCCPS119a,2803,26.14754061,91.72797041,491,car,low,3,0,25-11-2016,10:00:00
11401,Others-CCCPS119a,2803,26.14754061,91.72797041,552,bike,low,3,0,25-11-2016,10:27:00
11402,Others-CCCPS119a,2803,26.14754061,91.72797041,610,car,average,5,0,25-11-2016,11:00:00
11403,Others-CCCPS119a,2803,26.14754061,91.72797041,634,truck,average,5,0,25-11-2016,11:27:00
11404,Others-CCCPS119a,2803,26.14754061,91.72797041,642,car,high,9,0,25-11-2016,12:00:00
11405,Others-CCCPS119a,2803,26.14754061,91.72797041,625,car,high,9,0,25-11-2016,12:34:00
11406,Others-CCCPS119a,2803,26.14754061,91.72797041,619,car,high,7,0,25-11-2016,13:00:00
11407,Others-CCCPS119a,2803,26.14754061,91.72797041,614,car,high,8,0,25-11-2016,13:27:00
11408,Others-CCCPS119a,2803,26.14754061,91.72797041,615,car,average,4,0,25-11-2016,14:00:00
11409,Others-CCCPS119a,2803,26.14754061,91.72797041,599,car,average,5,0,25-11-2016,14:34:00
11410,Others-CCCPS119a,2803,26.14754061,91.72797041,577,cycle,average,3,0,25-11-2016,15:00:00
11411,Others-CCCPS119a,2803,26.14754061,91.72797041,554,truck,low,2,0,25-11-2016,15:27:00
11412,Others-CCCPS119a,2803,26.14754061,91.72797041,531,car,low,2,0,25-11-2016,16:00:00
11413,Others-CCCPS119a,2803,26.14754061,91.72797041,495,truck,low,2,0,25-11-2016,16:27:00
11414,Others-CCCPS119a,2803,26.14754061,91.72797041,171,car,low,2,0,26-11-2016,08:01:00
11415,Others-CCCPS119a,2803,26.14754061,91.72797041,218,truck,low,2,0,26-11-2016,08:28:00
11416,Others-CCCPS119a,2803,26.14754061,91.72797041,274,bike,low,2,0,26-11-2016,09:01:00
11417,Others-CCCPS119a,2803,26.14754061,91.72797041,341,car,low,2,0,26-11-2016,09:35:00
11418,Others-CCCPS119a,2803,26.14754061,91.72797041,397,car,average,4,0,26-11-2016,10:01:00
11419,Others-CCCPS119a,2803,26.14754061,91.72797041,493,bike,high,6,0,26-11-2016,10:35:00
11420,Others-CCCPS119a,2803,26.14754061,91.72797041,565,car,high,8,0,26-11-2016,11:01:00
11421,Others-CCCPS119a,2803,26.14754061,91.72797041,589,bike,average,6,0,26-11-2016,11:28:00
11422,Others-CCCPS119a,2803,26.14754061,91.72797041,623,car,high,8,0,26-11-2016,12:01:00
11423,Others-CCCPS119a,2803,26.14754061,91.72797041,638,car,high,8,0,26-11-2016,12:28:00
11424,Others-CCCPS119a,2803,26.14754061,91.72797041,652,car,high,7,0,26-11-2016,13:01:00
11425,Others-CCCPS119a,2803,26.14754061,91.72797041,644,car,high,8,0,26-11-2016,13:28:00
11426,Others-CCCPS119a,2803,26.14754061,91.72797041,661,car,average,3,0,26-11-2016,14:01:00
11427,Others-CCCPS119a,2803,26.14754061,91.72797041,674,car,average,4,0,26-11-2016,14:41:00
11428,Others-CCCPS119a,2803,26.14754061,91.72797041,686,car,low,3,0,26-11-2016,15:01:00
11429,Others-CCCPS119a,2803,26.14754061,91.72797041,696,car,low,3,0,26-11-2016,15:28:00
11430,Others-CCCPS119a,2803,26.14754061,91.72797041,729,car,low,2,0,26-11-2016,16:01:00
11431,Others-CCCPS119a,2803,26.14754061,91.72797041,753,car,low,2,0,26-11-2016,16:28:00
11432,Others-CCCPS119a,2803,26.14754061,91.72797041,155,bike,average,2,1,27-11-2016,08:02:00
11433,Others-CCCPS119a,2803,26.14754061,91.72797041,159,car,low,2,1,27-11-2016,08:32:00
11434,Others-CCCPS119a,2803,26.14754061,91.72797041,175,car,low,2,1,27-11-2016,09:02:00
11435,Others-CCCPS119a,2803,26.14754061,91.72797041,210,car,low,3,1,27-11-2016,09:32:00
11436,Others-CCCPS119a,2803,26.14754061,91.72797041,263,bike,low,4,1,27-11-2016,10:01:00
11437,Others-CCCPS119a,2803,26.14754061,91.72797041,364,car,average,6,1,27-11-2016,10:32:00
11438,Others-CCCPS119a,2803,26.14754061,91.72797041,516,car,average,8,1,27-11-2016,11:01:00
11439,Others-CCCPS119a,2803,26.14754061,91.72797041,634,car,average,8,1,27-11-2016,11:31:00
11440,Others-CCCPS119a,2803,26.14754061,91.72797041,722,bike,high,12,1,27-11-2016,12:01:00
11441,Others-CCCPS119a,2803,26.14754061,91.72797041,826,cycle,high,12,1,27-11-2016,12:32:00
11442,Others-CCCPS119a,2803,26.14754061,91.72797041,997,car,high,11,1,27-11-2016,13:08:00
11443,Others-CCCPS119a,2803,26.14754061,91.72797041,1104,cycle,average,9,1,27-11-2016,13:32:00
11444,Others-CCCPS119a,2803,26.14754061,91.72797041,1154,car,high,9,1,27-11-2016,14:02:00
11445,Others-CCCPS119a,2803,26.14754061,91.72797041,1147,cycle,average,7,1,27-11-2016,14:31:00
11446,Others-CCCPS119a,2803,26.14754061,91.72797041,1129,car,average,5,1,27-11-2016,15:01:00
11447,Others-CCCPS119a,2803,26.14754061,91.72797041,1113,car,average,5,1,27-11-2016,15:32:00
11448,Others-CCCPS119a,2803,26.14754061,91.72797041,1071,truck,low,4,1,27-11-2016,16:01:00
11449,Others-CCCPS119a,2803,26.14754061,91.72797041,1046,cycle,low,3,1,27-11-2016,16:32:00
11450,Others-CCCPS119a,2803,26.14754061,91.72797041,219,car,average,2,0,28-11-2016,08:01:00
11451,Others-CCCPS119a,2803,26.14754061,91.72797041,283,bike,low,2,0,28-11-2016,08:32:00
11452,Others-CCCPS119a,2803,26.14754061,91.72797041,355,bike,low,2,0,28-11-2016,09:02:00
11453,Others-CCCPS119a,2803,26.14754061,91.72797041,402,car,low,2,0,28-11-2016,09:28:00
11454,Others-CCCPS119a,2803,26.14754061,91.72797041,470,car,low,4,0,28-11-2016,10:01:00
11455,Others-CCCPS119a,2803,26.14754061,91.72797041,538,truck,average,4,0,28-11-2016,10:32:00
11456,Others-CCCPS119a,2803,26.14754061,91.72797041,578,car,average,6,0,28-11-2016,11:01:00
11457,Others-CCCPS119a,2803,26.14754061,91.72797041,615,car,average,6,0,28-11-2016,11:32:00
11458,Others-CCCPS119a,2803,26.14754061,91.72797041,624,car,high,8,0,28-11-2016,12:01:00
11459,Others-CCCPS119a,2803,26.14754061,91.72797041,633,bike,high,8,0,28-11-2016,12:28:00
11460,Others-CCCPS119a,2803,26.14754061,91.72797041,639,car,average,6,0,28-11-2016,13:02:00
11461,Others-CCCPS119a,2803,26.14754061,91.72797041,638,car,high,8,0,28-11-2016,13:31:00
11462,Others-CCCPS119a,2803,26.14754061,91.72797041,626,bike,high,6,0,28-11-2016,14:02:00
11463,Others-CCCPS119a,2803,26.14754061,91.72797041,605,car,average,4,0,28-11-2016,14:32:00
11464,Others-CCCPS119a,2803,26.14754061,91.72797041,584,cycle,low,4,0,28-11-2016,15:02:00
11465,Others-CCCPS119a,2803,26.14754061,91.72797041,553,cycle,low,2,0,28-11-2016,15:41:00
11466,Others-CCCPS119a,2803,26.14754061,91.72797041,524,car,low,2,0,28-11-2016,16:02:00
11467,Others-CCCPS119a,2803,26.14754061,91.72797041,488,car,low,2,0,28-11-2016,16:28:00
11468,Others-CCCPS119a,2803,26.14754061,91.72797041,271,car,low,2,0,29-11-2016,07:55:00
11469,Others-CCCPS119a,2803,26.14754061,91.72797041,350,cycle,low,2,0,29-11-2016,08:28:00
11470,Others-CCCPS119a,2803,26.14754061,91.72797041,429,car,low,3,0,29-11-2016,09:02:00
11471,Others-CCCPS119a,2803,26.14754061,91.72797041,507,car,average,3,0,29-11-2016,09:28:00
11472,Others-CCCPS119a,2803,26.14754061,91.72797041,522,truck,low,3,0,29-11-2016,10:01:00
11473,Others-CCCPS119a,2803,26.14754061,91.72797041,579,bike,low,3,0,29-11-2016,10:28:00
11474,Others-CCCPS119a,2803,26.14754061,91.72797041,645,car,average,5,0,29-11-2016,11:01:00
11475,Others-CCCPS119a,2803,26.14754061,91.72797041,665,cycle,average,6,0,29-11-2016,11:28:00
11476,Others-CCCPS119a,2803,26.14754061,91.72797041,674,car,average,6,0,29-11-2016,11:55:00
11477,Others-CCCPS119a,2803,26.14754061,91.72797041,667,car,high,9,0,29-11-2016,12:28:00
11478,Others-CCCPS119a,2803,26.14754061,91.72797041,653,car,high,7,0,29-11-2016,13:02:00
11479,Others-CCCPS119a,2803,26.14754061,91.72797041,634,cycle,high,7,0,29-11-2016,13:28:00
11480,Others-CCCPS119a,2803,26.14754061,91.72797041,641,truck,average,4,0,29-11-2016,14:01:00
11481,Others-CCCPS119a,2803,26.14754061,91.72797041,637,bike,average,4,0,29-11-2016,14:28:00
11482,Others-CCCPS119a,2803,26.14754061,91.72797041,616,car,average,4,0,29-11-2016,14:55:00
11483,Others-CCCPS119a,2803,26.14754061,91.72797041,584,car,low,2,0,29-11-2016,15:28:00
11484,Others-CCCPS119a,2803,26.14754061,91.72797041,552,car,low,2,0,29-11-2016,16:02:00
11485,Others-CCCPS119a,2803,26.14754061,91.72797041,498,car,low,2,0,29-11-2016,16:28:00
11486,Others-CCCPS119a,2803,26.14754061,91.72797041,295,truck,low,1,0,30-11-2016,08:02:00
11487,Others-CCCPS119a,2803,26.14754061,91.72797041,348,car,low,2,0,30-11-2016,08:28:00
11488,Others-CCCPS119a,2803,26.14754061,91.72797041,451,bike,low,2,0,30-11-2016,09:01:00
11489,Others-CCCPS119a,2803,26.14754061,91.72797041,523,car,low,3,0,30-11-2016,09:28:00
11490,Others-CCCPS119a,2803,26.14754061,91.72797041,589,cycle,low,3,0,30-11-2016,10:01:00
11491,Others-CCCPS119a,2803,26.14754061,91.72797041,645,car,low,3,0,30-11-2016,10:28:00
11492,Others-CCCPS119a,2803,26.14754061,91.72797041,651,car,average,4,0,30-11-2016,10:55:00
11493,Others-CCCPS119a,2803,26.14754061,91.72797041,672,bike,average,6,0,30-11-2016,11:28:00
11494,Others-CCCPS119a,2803,26.14754061,91.72797041,679,car,high,9,0,30-11-2016,12:01:00
11495,Others-CCCPS119a,2803,26.14754061,91.72797041,674,car,high,9,0,30-11-2016,12:28:00
11496,Others-CCCPS119a,2803,26.14754061,91.72797041,663,cycle,high,8,0,30-11-2016,13:01:00
11497,Others-CCCPS119a,2803,26.14754061,91.72797041,675,car,high,8,0,30-11-2016,13:28:00
11498,Others-CCCPS119a,2803,26.14754061,91.72797041,662,car,average,4,0,30-11-2016,14:01:00
11499,Others-CCCPS119a,2803,26.14754061,91.72797041,653,car,average,4,0,30-11-2016,14:28:00
11500,Others-CCCPS119a,2803,26.14754061,91.72797041,634,bike,low,3,0,30-11-2016,15:01:00
11501,Others-CCCPS119a,2803,26.14754061,91.72797041,595,car,low,3,0,30-11-2016,15:28:00
11502,Others-CCCPS119a,2803,26.14754061,91.72797041,575,cycle,low,2,0,30-11-2016,16:01:00
11503,Others-CCCPS119a,2803,26.14754061,91.72797041,559,car,low,2,0,30-11-2016,16:28:00
11504,Others-CCCPS119a,2803,26.14754061,91.72797041,276,car,low,2,0,01-12-2016,08:05:00
11505,Others-CCCPS119a,2803,26.14754061,91.72797041,317,car,low,2,0,01-12-2016,08:25:00
11506,Others-CCCPS119a,2803,26.14754061,91.72797041,406,cycle,low,2,0,01-12-2016,08:58:00
11507,Others-CCCPS119a,2803,26.14754061,91.72797041,470,truck,low,2,0,01-12-2016,09:25:00
11508,Others-CCCPS119a,2803,26.14754061,91.72797041,555,bike,low,3,0,01-12-2016,09:58:00
11509,Others-CCCPS119a,2803,26.14754061,91.72797041,589,bike,low,4,0,01-12-2016,10:25:00
11510,Others-CCCPS119a,2803,26.14754061,91.72797041,625,truck,average,5,0,01-12-2016,10:58:00
11511,Others-CCCPS119a,2803,26.14754061,91.72797041,646,car,average,6,0,01-12-2016,11:32:00
11512,Others-CCCPS119a,2803,26.14754061,91.72797041,657,car,high,8,0,01-12-2016,11:58:00
11513,Others-CCCPS119a,2803,26.14754061,91.72797041,655,truck,high,8,0,01-12-2016,12:25:00
11514,Others-CCCPS119a,2803,26.14754061,91.72797041,660,car,high,9,0,01-12-2016,12:58:00
11515,Others-CCCPS119a,2803,26.14754061,91.72797041,655,bike,high,8,0,01-12-2016,13:25:00
11516,Others-CCCPS119a,2803,26.14754061,91.72797041,644,cycle,average,5,0,01-12-2016,13:58:00
11517,Others-CCCPS119a,2803,26.14754061,91.72797041,630,bike,high,6,0,01-12-2016,14:25:00
11518,Others-CCCPS119a,2803,26.14754061,91.72797041,607,bike,high,6,0,01-12-2016,14:58:00
11519,Others-CCCPS119a,2803,26.14754061,91.72797041,588,truck,low,2,0,01-12-2016,15:25:00
11520,Others-CCCPS119a,2803,26.14754061,91.72797041,540,car,low,3,0,01-12-2016,15:58:00
11521,Others-CCCPS119a,2803,26.14754061,91.72797041,510,car,low,1,0,01-12-2016,16:25:00
11522,Others-CCCPS119a,2803,26.14754061,91.72797041,222,cycle,low,1,0,02-12-2016,07:55:00
11523,Others-CCCPS119a,2803,26.14754061,91.72797041,287,car,low,2,0,02-12-2016,08:28:00
11524,Others-CCCPS119a,2803,26.14754061,91.72797041,351,car,low,2,0,02-12-2016,09:01:00
11525,Others-CCCPS119a,2803,26.14754061,91.72797041,390,car,low,2,0,02-12-2016,09:28:00
11526,Others-CCCPS119a,2803,26.14754061,91.72797041,439,bike,low,3,0,02-12-2016,10:02:00
11527,Others-CCCPS119a,2803,26.14754061,91.72797041,467,car,low,3,0,02-12-2016,10:28:00
11528,Others-CCCPS119a,2803,26.14754061,91.72797041,526,car,high,8,0,02-12-2016,11:01:00
11529,Others-CCCPS119a,2803,26.14754061,91.72797041,571,bike,high,7,0,02-12-2016,11:28:00
11530,Others-CCCPS119a,2803,26.14754061,91.72797041,618,car,high,8,0,02-12-2016,12:01:00
11531,Others-CCCPS119a,2803,26.14754061,91.72797041,643,car,high,9,0,02-12-2016,12:28:00
11532,Others-CCCPS119a,2803,26.14754061,91.72797041,652,cycle,high,8,0,02-12-2016,12:58:00
11533,Others-CCCPS119a,2803,26.14754061,91.72797041,652,bike,high,7,0,02-12-2016,13:25:00
11534,Others-CCCPS119a,2803,26.14754061,91.72797041,658,car,average,6,0,02-12-2016,13:58:00
11535,Others-CCCPS119a,2803,26.14754061,91.72797041,647,car,average,5,0,02-12-2016,14:25:00
11536,Others-CCCPS119a,2803,26.14754061,91.72797041,637,car,average,5,0,02-12-2016,14:58:00
11537,Others-CCCPS119a,2803,26.14754061,91.72797041,626,bike,low,3,0,02-12-2016,15:31:00
11538,Others-CCCPS119a,2803,26.14754061,91.72797041,607,car,average,3,0,02-12-2016,15:58:00
11539,Others-CCCPS119a,2803,26.14754061,91.72797041,629,car,low,3,0,02-12-2016,16:32:00
11540,Others-CCCPS119a,2803,26.14754061,91.72797041,200,car,low,2,1,05-12-2016,08:02:00
11541,Others-CCCPS119a,2803,26.14754061,91.72797041,243,bike,low,3,1,05-12-2016,08:29:00
11542,Others-CCCPS119a,2803,26.14754061,91.72797041,313,car,low,3,1,05-12-2016,09:02:00
11543,Others-CCCPS119a,2803,26.14754061,91.72797041,384,car,average,5,1,05-12-2016,09:29:00
11544,Others-CCCPS119a,2803,26.14754061,91.72797041,451,cycle,low,5,1,05-12-2016,10:03:00
11545,Others-CCCPS119a,2803,26.14754061,91.72797041,508,car,average,6,1,05-12-2016,10:29:00
11546,Others-CCCPS119a,2803,26.14754061,91.72797041,565,car,average,8,1,05-12-2016,11:02:00
11547,Others-CCCPS119a,2803,26.14754061,91.72797041,603,car,average,7,1,05-12-2016,11:29:00
11548,Others-CCCPS119a,2803,26.14754061,91.72797041,644,car,average,8,1,05-12-2016,11:56:00
11549,Others-CCCPS119a,2803,26.14754061,91.72797041,646,bike,high,12,1,05-12-2016,12:29:00
11550,Others-CCCPS119a,2803,26.14754061,91.72797041,640,car,high,11,1,05-12-2016,13:02:00
11551,Others-CCCPS119a,2803,26.14754061,91.72797041,631,car,high,11,1,05-12-2016,13:29:00
11552,Others-CCCPS119a,2803,26.14754061,91.72797041,613,car,average,6,1,05-12-2016,14:02:00
11553,Others-CCCPS119a,2803,26.14754061,91.72797041,590,car,average,6,1,05-12-2016,14:29:00
11554,Others-CCCPS119a,2803,26.14754061,91.72797041,550,bike,low,4,1,05-12-2016,15:02:00
11555,Others-CCCPS119a,2803,26.14754061,91.72797041,521,truck,low,4,1,05-12-2016,15:29:00
11556,Others-CCCPS119a,2803,26.14754061,91.72797041,474,car,low,3,1,05-12-2016,16:02:00
11557,Others-CCCPS119a,2803,26.14754061,91.72797041,441,car,average,3,1,05-12-2016,16:29:00
11558,Others-CCCPS119a,2803,26.14754061,91.72797041,271,cycle,low,2,0,06-12-2016,07:56:00
11559,Others-CCCPS119a,2803,26.14754061,91.72797041,320,cycle,average,2,0,06-12-2016,08:29:00
11560,Others-CCCPS119a,2803,26.14754061,91.72797041,382,truck,low,2,0,06-12-2016,08:56:00
11561,Others-CCCPS119a,2803,26.14754061,91.72797041,450,car,low,2,0,06-12-2016,09:29:00
11562,Others-CCCPS119a,2803,26.14754061,91.72797041,522,bike,average,4,0,06-12-2016,10:02:00
11563,Others-CCCPS119a,2803,26.14754061,91.72797041,560,car,low,4,0,06-12-2016,10:29:00
11564,Others-CCCPS119a,2803,26.14754061,91.72797041,618,car,average,6,0,06-12-2016,11:02:00
11565,Others-CCCPS119a,2803,26.14754061,91.72797041,639,car,high,8,0,06-12-2016,11:29:00
11566,Others-CCCPS119a,2803,26.14754061,91.72797041,644,bike,average,6,0,06-12-2016,11:56:00
11567,Others-CCCPS119a,2803,26.14754061,91.72797041,625,car,high,8,0,06-12-2016,12:29:00
11568,Others-CCCPS119a,2803,26.14754061,91.72797041,649,truck,high,9,0,06-12-2016,12:56:00
11569,Others-CCCPS119a,2803,26.14754061,91.72797041,646,car,high,8,0,06-12-2016,13:29:00
11570,Others-CCCPS119a,2803,26.14754061,91.72797041,636,car,average,5,0,06-12-2016,14:02:00
11571,Others-CCCPS119a,2803,26.14754061,91.72797041,622,car,average,4,0,06-12-2016,14:29:00
11572,Others-CCCPS119a,2803,26.14754061,91.72797041,589,bike,low,2,0,06-12-2016,15:02:00
11573,Others-CCCPS119a,2803,26.14754061,91.72797041,558,car,low,3,0,06-12-2016,15:29:00
11574,Others-CCCPS119a,2803,26.14754061,91.72797041,521,bike,low,2,0,06-12-2016,16:02:00
11575,Others-CCCPS119a,2803,26.14754061,91.72797041,491,cycle,average,3,0,06-12-2016,16:29:00
11576,Others-CCCPS119a,2803,26.14754061,91.72797041,299,car,low,2,0,07-12-2016,07:59:00
11577,Others-CCCPS119a,2803,26.14754061,91.72797041,350,car,low,2,0,07-12-2016,08:26:00
11578,Others-CCCPS119a,2803,26.14754061,91.72797041,426,cycle,low,2,0,07-12-2016,08:55:00
11579,Others-CCCPS119a,2803,26.14754061,91.72797041,485,bike,low,2,0,07-12-2016,09:26:00
11580,Others-CCCPS119a,2803,26.14754061,91.72797041,566,car,average,3,0,07-12-2016,09:59:00
11581,Others-CCCPS119a,2803,26.14754061,91.72797041,608,bike,average,4,0,07-12-2016,10:26:00
11582,Others-CCCPS119a,2803,26.14754061,91.72797041,638,car,average,4,0,07-12-2016,10:59:00
11583,Others-CCCPS119a,2803,26.14754061,91.72797041,650,car,average,6,0,07-12-2016,11:25:00
11584,Others-CCCPS119a,2803,26.14754061,91.72797041,668,car,average,6,0,07-12-2016,11:59:00
11585,Others-CCCPS119a,2803,26.14754061,91.72797041,669,bike,high,9,0,07-12-2016,12:26:00
11586,Others-CCCPS119a,2803,26.14754061,91.72797041,683,car,high,8,0,07-12-2016,12:59:00
11587,Others-CCCPS119a,2803,26.14754061,91.72797041,684,bike,high,8,0,07-12-2016,13:26:00
11588,Others-CCCPS119a,2803,26.14754061,91.72797041,673,car,average,5,0,07-12-2016,13:59:00
11589,Others-CCCPS119a,2803,26.14754061,91.72797041,673,car,average,4,0,07-12-2016,14:26:00
11590,Others-CCCPS119a,2803,26.14754061,91.72797041,664,bike,average,5,0,07-12-2016,14:59:00
11591,Others-CCCPS119a,2803,26.14754061,91.72797041,646,car,low,2,0,07-12-2016,15:32:00
11592,Others-CCCPS119a,2803,26.14754061,91.72797041,634,bike,low,3,0,07-12-2016,15:59:00
11593,Others-CCCPS119a,2803,26.14754061,91.72797041,645,car,average,3,0,07-12-2016,16:32:00
11594,Others-CCCPS119a,2803,26.14754061,91.72797041,242,truck,low,2,0,08-12-2016,07:59:00
11595,Others-CCCPS119a,2803,26.14754061,91.72797041,288,car,low,2,0,08-12-2016,08:26:00
11596,Others-CCCPS119a,2803,26.14754061,91.72797041,352,car,low,1,0,08-12-2016,08:59:00
11597,Others-CCCPS119a,2803,26.14754061,91.72797041,405,truck,average,4,0,08-12-2016,09:26:00
11598,Others-CCCPS119a,2803,26.14754061,91.72797041,454,car,low,2,0,08-12-2016,09:59:00
11599,Others-CCCPS119a,2803,26.14754061,91.72797041,529,bike,average,4,0,08-12-2016,10:32:00
11600,Others-CCCPS119a,2803,26.14754061,91.72797041,589,bike,average,4,0,08-12-2016,10:59:00
11601,Others-CCCPS119a,2803,26.14754061,91.72797041,627,car,average,6,0,08-12-2016,11:32:00
11602,Others-CCCPS119a,2803,26.14754061,91.72797041,636,cycle,average,5,0,08-12-2016,11:59:00
11603,Others-CCCPS119a,2803,26.14754061,91.72797041,632,truck,average,6,0,08-12-2016,12:25:00
11604,Others-CCCPS119a,2803,26.14754061,91.72797041,642,bike,high,8,0,08-12-2016,12:59:00
11605,Others-CCCPS119a,2803,26.14754061,91.72797041,642,bike,high,7,0,08-12-2016,13:25:00
11606,Others-CCCPS119a,2803,26.14754061,91.72797041,633,car,high,7,0,08-12-2016,13:59:00
11607,Others-CCCPS119a,2803,26.14754061,91.72797041,629,car,average,4,0,08-12-2016,14:26:00
11608,Others-CCCPS119a,2803,26.14754061,91.72797041,626,cycle,average,4,0,08-12-2016,14:59:00
11609,Others-CCCPS119a,2803,26.14754061,91.72797041,619,car,low,2,0,08-12-2016,15:26:00
11610,Others-CCCPS119a,2803,26.14754061,91.72797041,590,cycle,low,3,0,08-12-2016,15:59:00
11611,Others-CCCPS119a,2803,26.14754061,91.72797041,575,bike,low,3,0,08-12-2016,16:32:00
11612,Others-CCCPS119a,2803,26.14754061,91.72797041,371,car,low,2,0,09-12-2016,08:02:00
11613,Others-CCCPS119a,2803,26.14754061,91.72797041,392,bike,low,2,0,09-12-2016,08:29:00
11614,Others-CCCPS119a,2803,26.14754061,91.72797041,427,bike,low,2,0,09-12-2016,08:55:00
11615,Others-CCCPS119a,2803,26.14754061,91.72797041,466,car,low,2,0,09-12-2016,09:29:00
11616,Others-CCCPS119a,2803,26.14754061,91.72797041,505,car,low,2,0,09-12-2016,09:55:00
11617,Others-CCCPS119a,2803,26.14754061,91.72797041,545,car,low,4,0,09-12-2016,10:29:00
11618,Others-CCCPS119a,2803,26.14754061,91.72797041,570,car,average,4,0,09-12-2016,10:56:00
11619,Others-CCCPS119a,2803,26.14754061,91.72797041,602,car,average,6,0,09-12-2016,11:29:00
11620,Others-CCCPS119a,2803,26.14754061,91.72797041,611,car,average,5,0,09-12-2016,11:56:00
11621,Others-CCCPS119a,2803,26.14754061,91.72797041,611,car,high,9,0,09-12-2016,12:29:00
11622,Others-CCCPS119a,2803,26.14754061,91.72797041,614,truck,high,8,0,09-12-2016,13:02:00
11623,Others-CCCPS119a,2803,26.14754061,91.72797041,614,car,high,7,0,09-12-2016,13:29:00
11624,Others-CCCPS119a,2803,26.14754061,91.72797041,613,car,average,5,0,09-12-2016,14:02:00
11625,Others-CCCPS119a,2803,26.14754061,91.72797041,612,bike,average,4,0,09-12-2016,14:29:00
11626,Others-CCCPS119a,2803,26.14754061,91.72797041,609,cycle,average,4,0,09-12-2016,14:56:00
11627,Others-CCCPS119a,2803,26.14754061,91.72797041,598,car,average,3,0,09-12-2016,15:29:00
11628,Others-CCCPS119a,2803,26.14754061,91.72797041,587,car,average,3,0,09-12-2016,16:02:00
11629,Others-CCCPS119a,2803,26.14754061,91.72797041,577,bike,low,3,0,09-12-2016,16:29:00
11630,Others-CCCPS119a,2803,26.14754061,91.72797041,366,truck,low,2,0,10-12-2016,07:59:00
11631,Others-CCCPS119a,2803,26.14754061,91.72797041,382,bike,low,2,0,10-12-2016,08:29:00
11632,Others-CCCPS119a,2803,26.14754061,91.72797041,433,car,low,3,0,10-12-2016,09:02:00
11633,Others-CCCPS119a,2803,26.14754061,91.72797041,464,car,low,3,0,10-12-2016,09:29:00
11634,Others-CCCPS119a,2803,26.14754061,91.72797041,516,car,low,3,0,10-12-2016,09:55:00
11635,Others-CCCPS119a,2803,26.14754061,91.72797041,557,cycle,low,3,0,10-12-2016,10:29:00
11636,Others-CCCPS119a,2803,26.14754061,91.72797041,602,truck,high,8,0,10-12-2016,11:02:00
11637,Others-CCCPS119a,2803,26.14754061,91.72797041,610,car,average,5,0,10-12-2016,11:29:00
11638,Others-CCCPS119a,2803,26.14754061,91.72797041,615,bike,high,8,0,10-12-2016,12:02:00
11639,Others-CCCPS119a,2803,26.14754061,91.72797041,614,car,high,9,0,10-12-2016,12:29:00
11640,Others-CCCPS119a,2803,26.14754061,91.72797041,615,car,high,9,0,10-12-2016,12:55:00
11641,Others-CCCPS119a,2803,26.14754061,91.72797041,614,bike,high,8,0,10-12-2016,13:29:00
11642,Others-CCCPS119a,2803,26.14754061,91.72797041,614,truck,average,6,0,10-12-2016,13:56:00
11643,Others-CCCPS119a,2803,26.14754061,91.72797041,613,car,average,3,0,10-12-2016,14:25:00
11644,Others-CCCPS119a,2803,26.14754061,91.72797041,614,car,low,3,0,10-12-2016,15:02:00
11645,Others-CCCPS119a,2803,26.14754061,91.72797041,613,cycle,low,3,0,10-12-2016,15:25:00
11646,Others-CCCPS119a,2803,26.14754061,91.72797041,613,car,low,3,0,10-12-2016,15:59:00
11647,Others-CCCPS119a,2803,26.14754061,91.72797041,615,car,low,2,0,10-12-2016,16:25:00
11648,Others-CCCPS119a,2803,26.14754061,91.72797041,336,car,low,3,1,11-12-2016,08:02:00
11649,Others-CCCPS119a,2803,26.14754061,91.72797041,335,car,low,3,1,11-12-2016,08:25:00
11650,Others-CCCPS119a,2803,26.14754061,91.72797041,346,car,low,3,1,11-12-2016,08:59:00
11651,Others-CCCPS119a,2803,26.14754061,91.72797041,363,car,low,3,1,11-12-2016,09:26:00
11652,Others-CCCPS119a,2803,26.14754061,91.72797041,420,car,low,3,1,11-12-2016,09:59:00
11653,Others-CCCPS119a,2803,26.14754061,91.72797041,479,car,low,5,1,11-12-2016,10:25:00
11654,Others-CCCPS119a,2803,26.14754061,91.72797041,583,truck,average,5,1,11-12-2016,10:59:00
11655,Others-CCCPS119a,2803,26.14754061,91.72797041,614,car,average,7,1,11-12-2016,11:26:00
11656,Others-CCCPS119a,2803,26.14754061,91.72797041,614,bike,average,8,1,11-12-2016,11:59:00
11657,Others-CCCPS119a,2803,26.14754061,91.72797041,615,bike,high,12,1,11-12-2016,12:32:00
11658,Others-CCCPS119a,2803,26.14754061,91.72797041,614,car,high,11,1,11-12-2016,13:05:00
11659,Others-CCCPS119a,2803,26.14754061,91.72797041,613,car,high,11,1,11-12-2016,13:26:00
11660,Others-CCCPS119a,2803,26.14754061,91.72797041,615,bike,average,7,1,11-12-2016,13:59:00
11661,Others-CCCPS119a,2803,26.14754061,91.72797041,614,car,average,6,1,11-12-2016,14:32:00
11662,Others-CCCPS119a,2803,26.14754061,91.72797041,615,bike,high,9,1,11-12-2016,14:59:00
11663,Others-CCCPS119a,2803,26.14754061,91.72797041,614,cycle,low,3,1,11-12-2016,15:25:00
11664,Others-CCCPS119a,2803,26.14754061,91.72797041,608,car,low,4,1,11-12-2016,15:59:00
11665,Others-CCCPS119a,2803,26.14754061,91.72797041,613,truck,low,3,1,11-12-2016,16:25:00
11666,Others-CCCPS119a,2803,26.14754061,91.72797041,219,car,low,2,0,12-12-2016,08:02:00
11667,Others-CCCPS119a,2803,26.14754061,91.72797041,275,car,low,2,0,12-12-2016,08:29:00
11668,Others-CCCPS119a,2803,26.14754061,91.72797041,350,car,low,2,0,12-12-2016,09:02:00
11669,Others-CCCPS119a,2803,26.14754061,91.72797041,383,bike,low,2,0,12-12-2016,09:29:00
11670,Others-CCCPS119a,2803,26.14754061,91.72797041,463,car,low,3,0,12-12-2016,10:02:00
11671,Others-CCCPS119a,2803,26.14754061,91.72797041,513,car,low,3,0,12-12-2016,10:29:00
11672,Others-CCCPS119a,2803,26.14754061,91.72797041,562,car,high,7,0,12-12-2016,11:02:00
11673,Others-CCCPS119a,2803,26.14754061,91.72797041,599,cycle,average,6,0,12-12-2016,11:29:00
11674,Others-CCCPS119a,2803,26.14754061,91.72797041,614,car,average,5,0,12-12-2016,11:55:00
11675,Others-CCCPS119a,2803,26.14754061,91.72797041,612,car,high,8,0,12-12-2016,12:29:00
11676,Others-CCCPS119a,2803,26.14754061,91.72797041,615,bike,high,8,0,12-12-2016,12:56:00
11677,Others-CCCPS119a,2803,26.14754061,91.72797041,614,car,high,8,0,12-12-2016,13:29:00
11678,Others-CCCPS119a,2803,26.14754061,91.72797041,610,cycle,average,4,0,12-12-2016,14:02:00
11679,Others-CCCPS119a,2803,26.14754061,91.72797041,606,car,average,4,0,12-12-2016,14:29:00
11680,Others-CCCPS119a,2803,26.14754061,91.72797041,585,cycle,average,4,0,12-12-2016,14:55:00
11681,Others-CCCPS119a,2803,26.14754061,91.72797041,566,car,average,3,0,12-12-2016,15:29:00
11682,Others-CCCPS119a,2803,26.14754061,91.72797041,529,car,low,3,0,12-12-2016,15:56:00
11683,Others-CCCPS119a,2803,26.14754061,91.72797041,484,bike,low,2,0,12-12-2016,16:29:00
11684,Others-CCCPS119a,2803,26.14754061,91.72797041,260,car,low,2,0,13-12-2016,08:02:00
11685,Others-CCCPS119a,2803,26.14754061,91.72797041,305,car,low,2,0,13-12-2016,08:29:00
11686,Others-CCCPS119a,2803,26.14754061,91.72797041,393,bike,low,3,0,13-12-2016,09:02:00
11687,Others-CCCPS119a,2803,26.14754061,91.72797041,447,car,low,2,0,13-12-2016,09:29:00
11688,Others-CCCPS119a,2803,26.14754061,91.72797041,505,car,average,3,0,13-12-2016,09:55:00
11689,Others-CCCPS119a,2803,26.14754061,91.72797041,542,car,average,5,0,13-12-2016,10:29:00
11690,Others-CCCPS119a,2803,26.14754061,91.72797041,581,car,average,5,0,13-12-2016,11:02:00
11691,Others-CCCPS119a,2803,26.14754061,91.72797041,608,bike,average,6,0,13-12-2016,11:29:00
11692,Others-CCCPS119a,2803,26.14754061,91.72797041,607,truck,high,9,0,13-12-2016,12:02:00
11693,Others-CCCPS119a,2803,26.14754061,91.72797041,626,car,average,6,0,13-12-2016,12:29:00
11694,Others-CCCPS119a,2803,26.14754061,91.72797041,627,car,high,8,0,13-12-2016,13:02:00
11695,Others-CCCPS119a,2803,26.14754061,91.72797041,624,cycle,average,5,0,13-12-2016,13:55:00
11696,Others-CCCPS119a,2803,26.14754061,91.72797041,590,bike,average,4,0,13-12-2016,14:29:00
11697,Others-CCCPS119a,2803,26.14754061,91.72797041,552,truck,high,6,0,13-12-2016,14:56:00
11698,Others-CCCPS119a,2803,26.14754061,91.72797041,521,car,low,3,0,13-12-2016,15:28:00
11699,Others-CCCPS119a,2803,26.14754061,91.72797041,485,bike,low,2,0,13-12-2016,16:02:00
11700,Others-CCCPS119a,2803,26.14754061,91.72797041,455,car,low,2,0,13-12-2016,16:29:00
11701,Others-CCCPS119a,2803,26.14754061,91.72797041,287,car,low,2,0,14-12-2016,08:03:00
11702,Others-CCCPS119a,2803,26.14754061,91.72797041,392,car,low,1,0,14-12-2016,08:43:00
11703,Others-CCCPS119a,2803,26.14754061,91.72797041,440,truck,low,3,0,14-12-2016,09:03:00
11704,Others-CCCPS119a,2803,26.14754061,91.72797041,502,bike,low,3,0,14-12-2016,09:29:00
11705,Others-CCCPS119a,2803,26.14754061,91.72797041,577,cycle,low,4,0,14-12-2016,10:02:00
11706,Others-CCCPS119a,2803,26.14754061,91.72797041,623,truck,average,4,0,14-12-2016,10:30:00
11707,Others-CCCPS119a,2803,26.14754061,91.72797041,638,car,average,6,0,14-12-2016,11:30:00
11708,Others-CCCPS119a,2803,26.14754061,91.72797041,643,car,high,9,0,14-12-2016,12:02:00
11709,Others-CCCPS119a,2803,26.14754061,91.72797041,635,bike,high,9,0,14-12-2016,12:30:00
11710,Others-CCCPS119a,2803,26.14754061,91.72797041,636,car,high,8,0,14-12-2016,13:03:00
11711,Others-CCCPS119a,2803,26.14754061,91.72797041,632,car,high,8,0,14-12-2016,13:29:00
11712,Others-CCCPS119a,2803,26.14754061,91.72797041,631,car,average,5,0,14-12-2016,14:03:00
11713,Others-CCCPS119a,2803,26.14754061,91.72797041,618,car,average,4,0,14-12-2016,14:30:00
11714,Others-CCCPS119a,2803,26.14754061,91.72797041,605,car,average,4,0,14-12-2016,14:56:00
11715,Others-CCCPS119a,2803,26.14754061,91.72797041,584,car,low,2,0,14-12-2016,15:30:00
11716,Others-CCCPS119a,2803,26.14754061,91.72797041,554,car,low,3,0,14-12-2016,15:56:00
11717,Others-CCCPS119a,2803,26.14754061,91.72797041,510,car,average,2,0,14-12-2016,16:30:00
11718,Others-CCCPS119a,2803,26.14754061,91.72797041,220,bike,low,1,0,15-12-2016,07:57:00
11719,Others-CCCPS119a,2803,26.14754061,91.72797041,302,car,average,3,0,15-12-2016,08:30:00
11720,Others-CCCPS119a,2803,26.14754061,91.72797041,378,bike,low,2,0,15-12-2016,09:03:00
11721,Others-CCCPS119a,2803,26.14754061,91.72797041,430,car,low,2,0,15-12-2016,09:30:00
11722,Others-CCCPS119a,2803,26.14754061,91.72797041,480,car,low,2,0,15-12-2016,09:57:00
11723,Others-CCCPS119a,2803,26.14754061,91.72797041,533,cycle,average,4,0,15-12-2016,10:30:00
11724,Others-CCCPS119a,2803,26.14754061,91.72797041,595,car,average,6,0,15-12-2016,11:03:00
11725,Others-CCCPS119a,2803,26.14754061,91.72797041,628,car,average,5,0,15-12-2016,11:26:00
11726,Others-CCCPS119a,2803,26.14754061,91.72797041,667,car,average,6,0,15-12-2016,12:00:00
11727,Others-CCCPS119a,2803,26.14754061,91.72797041,669,bike,high,9,0,15-12-2016,12:26:00
11728,Others-CCCPS119a,2803,26.14754061,91.72797041,683,bike,average,5,0,15-12-2016,13:00:00
11729,Others-CCCPS119a,2803,26.14754061,91.72797041,676,bike,high,8,0,15-12-2016,13:26:00
11730,Others-CCCPS119a,2803,26.14754061,91.72797041,676,cycle,average,4,0,15-12-2016,14:00:00
11731,Others-CCCPS119a,2803,26.14754061,91.72797041,670,car,high,7,0,15-12-2016,14:26:00
11732,Others-CCCPS119a,2803,26.14754061,91.72797041,665,car,high,5,0,15-12-2016,15:00:00
11733,Others-CCCPS119a,2803,26.14754061,91.72797041,660,bike,average,3,0,15-12-2016,15:26:00
11734,Others-CCCPS119a,2803,26.14754061,91.72797041,666,car,low,2,0,15-12-2016,16:03:00
11735,Others-CCCPS119a,2803,26.14754061,91.72797041,663,bike,low,2,0,15-12-2016,16:30:00
11736,Others-CCCPS119a,2803,26.14754061,91.72797041,218,car,low,2,0,16-12-2016,07:59:00
11737,Others-CCCPS119a,2803,26.14754061,91.72797041,266,car,low,2,0,16-12-2016,08:30:00
11738,Others-CCCPS119a,2803,26.14754061,91.72797041,316,car,average,2,0,16-12-2016,09:03:00
11739,Others-CCCPS119a,2803,26.14754061,91.72797041,362,bike,low,2,0,16-12-2016,09:30:00
11740,Others-CCCPS119a,2803,26.14754061,91.72797041,410,car,low,3,0,16-12-2016,10:03:00
11741,Others-CCCPS119a,2803,26.14754061,91.72797041,455,car,low,3,0,16-12-2016,10:29:00
11742,Others-CCCPS119a,2803,26.14754061,91.72797041,484,car,average,5,0,16-12-2016,11:03:00
11743,Others-CCCPS119a,2803,26.14754061,91.72797041,505,cycle,high,7,0,16-12-2016,11:30:00
11744,Others-CCCPS119a,2803,26.14754061,91.72797041,531,truck,average,6,0,16-12-2016,11:56:00
11745,Others-CCCPS119a,2803,26.14754061,91.72797041,545,car,high,9,0,16-12-2016,12:30:00
11746,Others-CCCPS119a,2803,26.14754061,91.72797041,542,truck,high,8,0,16-12-2016,12:56:00
11747,Others-CCCPS119a,2803,26.14754061,91.72797041,547,car,high,7,0,16-12-2016,13:30:00
11748,Others-CCCPS119a,2803,26.14754061,91.72797041,550,car,average,5,0,16-12-2016,13:56:00
11749,Others-CCCPS119a,2803,26.14754061,91.72797041,548,car,average,4,0,16-12-2016,14:30:00
11750,Others-CCCPS119a,2803,26.14754061,91.72797041,558,truck,average,4,0,16-12-2016,14:56:00
11751,Others-CCCPS119a,2803,26.14754061,91.72797041,550,car,low,3,0,16-12-2016,15:30:00
11752,Others-CCCPS119a,2803,26.14754061,91.72797041,553,car,low,2,0,16-12-2016,16:03:00
11753,Others-CCCPS119a,2803,26.14754061,91.72797041,550,car,low,2,0,16-12-2016,16:30:00
11754,Others-CCCPS119a,2803,26.14754061,91.72797041,1000,truck,low,2,0,17-12-2016,07:59:00
11755,Others-CCCPS119a,2803,26.14754061,91.72797041,1010,car,low,3,0,17-12-2016,08:26:00
11756,Others-CCCPS119a,2803,26.14754061,91.72797041,1043,car,low,3,0,17-12-2016,09:00:00
11757,Others-CCCPS119a,2803,26.14754061,91.72797041,1095,car,low,3,0,17-12-2016,09:26:00
11758,Others-CCCPS119a,2803,26.14754061,91.72797041,1151,truck,low,3,0,17-12-2016,09:59:00
11759,Others-CCCPS119a,2803,26.14754061,91.72797041,1165,car,average,5,0,17-12-2016,10:33:00
11760,Others-CCCPS119a,2803,26.14754061,91.72797041,1184,car,average,6,0,17-12-2016,11:00:00
11761,Others-CCCPS119a,2803,26.14754061,91.72797041,1193,bike,average,6,0,17-12-2016,11:33:00
11762,Others-CCCPS119a,2803,26.14754061,91.72797041,1219,car,high,9,0,17-12-2016,12:00:00
11763,Others-CCCPS119a,2803,26.14754061,91.72797041,1258,truck,high,9,0,17-12-2016,12:26:00
11764,Others-CCCPS119a,2803,26.14754061,91.72797041,1272,car,high,9,0,17-12-2016,13:00:00
11765,Others-CCCPS119a,2803,26.14754061,91.72797041,1277,car,high,9,0,17-12-2016,13:27:00
11766,Others-CCCPS119a,2803,26.14754061,91.72797041,1277,car,average,5,0,17-12-2016,14:00:00
11767,Others-CCCPS119a,2803,26.14754061,91.72797041,1277,car,high,6,0,17-12-2016,14:30:00
11768,Others-CCCPS119a,2803,26.14754061,91.72797041,1278,car,average,4,0,17-12-2016,15:03:00
11769,Others-CCCPS119a,2803,26.14754061,91.72797041,1275,car,low,3,0,17-12-2016,15:30:00
11770,Others-CCCPS119a,2803,26.14754061,91.72797041,1277,car,low,2,0,17-12-2016,15:57:00
11771,Others-CCCPS119a,2803,26.14754061,91.72797041,1276,bike,low,3,0,17-12-2016,16:30:00
11772,Others-CCCPS119a,2803,26.14754061,91.72797041,1021,cycle,average,4,1,18-12-2016,08:03:00
11773,Others-CCCPS119a,2803,26.14754061,91.72797041,1025,bike,average,4,1,18-12-2016,08:30:00
11774,Others-CCCPS119a,2803,26.14754061,91.72797041,1032,cycle,low,4,1,18-12-2016,08:56:00
11775,Others-CCCPS119a,2803,26.14754061,91.72797041,1048,cycle,low,4,1,18-12-2016,09:30:00
11776,Others-CCCPS119a,2803,26.14754061,91.72797041,1090,car,low,4,1,18-12-2016,09:56:00
11777,Others-CCCPS119a,2803,26.14754061,91.72797041,1144,cycle,average,7,1,18-12-2016,10:30:00
11778,Others-CCCPS119a,2803,26.14754061,91.72797041,1221,car,average,8,1,18-12-2016,11:03:00
11779,Others-CCCPS119a,2803,26.14754061,91.72797041,1261,car,high,12,1,18-12-2016,11:30:00
11780,Others-CCCPS119a,2803,26.14754061,91.72797041,1278,bike,average,9,1,18-12-2016,12:03:00
11781,Others-CCCPS119a,2803,26.14754061,91.72797041,1278,car,high,13,1,18-12-2016,12:30:00
11782,Others-CCCPS119a,2803,26.14754061,91.72797041,1277,car,high,13,1,18-12-2016,12:56:00
11783,Others-CCCPS119a,2803,26.14754061,91.72797041,1277,bike,high,12,1,18-12-2016,13:30:00
11784,Others-CCCPS119a,2803,26.14754061,91.72797041,1277,bike,average,6,1,18-12-2016,14:03:00
11785,Others-CCCPS119a,2803,26.14754061,91.72797041,1277,car,high,10,1,18-12-2016,14:30:00
11786,Others-CCCPS119a,2803,26.14754061,91.72797041,1277,car,average,7,1,18-12-2016,14:56:00
11787,Others-CCCPS119a,2803,26.14754061,91.72797041,1277,cycle,average,5,1,18-12-2016,15:30:00
11788,Others-CCCPS119a,2803,26.14754061,91.72797041,1263,truck,average,5,1,18-12-2016,16:03:00
11789,Others-CCCPS119a,2803,26.14754061,91.72797041,1240,bike,low,4,1,18-12-2016,16:30:00
11790,Others-CCCPS119a,2803,26.14754061,91.72797041,1013,bike,low,2,0,19-12-2016,08:03:00
11791,Others-CCCPS119a,2803,26.14754061,91.72797041,1025,car,low,3,0,19-12-2016,08:30:00
11792,Others-CCCPS119a,2803,26.14754061,91.72797041,1059,bike,low,3,0,19-12-2016,09:03:00
11793,Others-CCCPS119a,2803,26.14754061,91.72797041,1104,bike,average,4,0,19-12-2016,09:30:00
11794,Others-CCCPS119a,2803,26.14754061,91.72797041,1140,car,low,3,0,19-12-2016,09:56:00
11795,Others-CCCPS119a,2803,26.14754061,91.72797041,1189,car,average,5,0,19-12-2016,10:30:00
11796,Others-CCCPS119a,2803,26.14754061,91.72797041,1230,car,high,8,0,19-12-2016,11:03:00
11797,Others-CCCPS119a,2803,26.14754061,91.72797041,1269,car,average,6,0,19-12-2016,11:30:00
11798,Others-CCCPS119a,2803,26.14754061,91.72797041,1270,truck,high,10,0,19-12-2016,12:03:00
11799,Others-CCCPS119a,2803,26.14754061,91.72797041,1272,car,high,9,0,19-12-2016,12:30:00
11800,Others-CCCPS119a,2803,26.14754061,91.72797041,1272,car,high,9,0,19-12-2016,13:03:00
11801,Others-CCCPS119a,2803,26.14754061,91.72797041,1274,bike,high,9,0,19-12-2016,13:30:00
11802,Others-CCCPS119a,2803,26.14754061,91.72797041,1274,car,high,7,0,19-12-2016,14:03:00
11803,Others-CCCPS119a,2803,26.14754061,91.72797041,1276,bike,average,5,0,19-12-2016,14:30:00
11804,Others-CCCPS119a,2803,26.14754061,91.72797041,1274,bike,low,3,0,19-12-2016,15:03:00
11805,Others-CCCPS119a,2803,26.14754061,91.72797041,1277,bike,low,3,0,19-12-2016,15:29:00
11806,Others-CCCPS119a,2803,26.14754061,91.72797041,1267,cycle,low,2,0,19-12-2016,16:03:00
11807,Others-CCCPS119a,2803,26.14754061,91.72797041,1262,bike,low,2,0,19-12-2016,16:30:00
